0.0   -6.66133814775e-15   6.66133814775e-15
6.55718581841e-07   4.8079866477e-11   0.0605271258154
5.24496428211e-06   3.50438178476e-10   0.121049725887
1.76973431939e-05   2.34401387189e-10   0.181563275757
4.19346232679e-05   -1.42748202148e-10   0.24206325074
8.18668250094e-05   -4.83301398901e-10   0.302545126896
0.000141388323884   -5.78063763523e-10   0.363004381621
0.000224373968321   -3.95601162939e-10   0.423436494007
0.000334675217177   -2.54486431928e-11   0.483836945115
0.000476116300522   3.84984044643e-10   0.544201218205
0.00065249040756   7.01084190702e-10   0.604524798986
0.000867555905501   8.16497647271e-10   0.664803175875
0.00112503259313   7.10183578612e-10   0.725031840295
0.00142859799284   4.10604106271e-10   0.785206286977
0.00178188368479   -5.39523981047e-12   0.845322014295
0.00218847168687   -4.42699099601e-10   0.90537452459
0.00265189088408   -8.06934852271e-10   0.965359324505
0.00317561351082   -1.021302376e-09   1.02527192531
0.00376305168976   -1.0459904054e-09   1.08510784325
0.00441755403049   -8.78903172463e-10   1.14486259979
0.0051424022916   -5.47150991181e-10   1.20453172202
0.00594080810932   -1.08299147428e-10   1.26411074289
0.00681590979614   3.61683127892e-10   1.32359520151
0.00777076921241   7.93878740524e-10   1.38298064349
0.00880836871425   1.11663167601e-09   1.44226262124
0.00993160818066   1.28370625241e-09   1.50143669421
0.0111433021229   1.26961574587e-09   1.5604984293
0.0124461768788   1.07633102431e-09   1.61944340108
0.0138428678952   7.29171834024e-10   1.67826719217
0.015335917101   2.74047451398e-10   1.73696539353
0.0169277703729   -2.30212293673e-10   1.79553360481
0.0186207750977   -7.20721038405e-10   1.85396743465
0.0204171778323   -1.13350773212e-09   1.91226250105
0.0223191220641   -1.41702449774e-09   1.97041443164
0.0243286460745   -1.53710155715e-09   2.02841886406
0.0264476809071   -1.47876555445e-09   2.08627144628
0.0286780484424   -1.24532828494e-09   2.14396783691
0.0310214595825   -8.63165539045e-10   2.20150370553
0.0334795125449   -3.73504782658e-10   2.25887473303
0.0360536912697   1.69611880096e-10   2.31607661192
0.0387453639403   7.06241287673e-10   2.37310504668
0.0415557816197   1.17865539551e-09   2.42995575406
0.0444860770031   1.53451384932e-09   2.4866244634
0.047537263289   1.73451475405e-09   2.54310691702
0.0507102331695   1.75612724362e-09   2.59939887049
0.0540057579399   1.59408042322e-09   2.65549609302
0.0574244867301   1.26355370611e-09   2.71139436775
0.0609669458577   7.95969956613e-10   2.76708949215
0.0646335383032   2.37131203562e-10   2.82257727835
0.0684245433083   -3.5709257773e-10   2.87785355348
0.0723401160974   -9.26827947723e-10   2.93291416007
0.0763802877232   -1.41419009836e-09   2.98775495635
0.0805449650355   -1.77060943685e-09   3.04237181668
0.0848339307741   -1.95684801696e-09   3.09676063187
0.0892468437855   -1.95318250462e-09   3.15091730957
0.0937832393628   -1.75602021812e-09   3.20483777462
0.098442529709   -1.38199052202e-09   3.25851796945
0.103224004523   -8.65505445091e-10   3.31195385444
0.108126831707   -2.55351295664e-10   3.36514140829
0.113150058197   3.89452914362e-10   3.41807662839
0.118292610913   1.00698072103e-09   3.47075553121
0.123553297828   1.53488999288e-09   3.5231741527
0.128930809153   1.91902671531e-09   3.57532854863
0.134423718651   2.11791428839e-09   3.62721479505
0.140030485051   2.10901918152e-09   3.67882898861
0.145749453585   1.88906223997e-09   3.73016724703
0.151578857644   1.47621870283e-09   3.78122570948
0.15751682053   9.08036312808e-10   3.83200053699
0.163561357335   2.40980568833e-10   3.88248791291
0.169710376912   -4.5935388826e-10   3.9326840433
0.175961683968   -1.12017373155e-09   3.9825851574
0.182312981242   -1.67061475764e-09   4.03218750807
0.188761871806   -2.04949390792e-09   4.08148737223
0.195305861444   -2.21242579812e-09   4.13048105134
0.201942361148   -2.13616857536e-09   4.17916487186
0.20866868969   -1.82338233401e-09   4.22753518569
0.2154820763   -1.30340360727e-09   4.27558837069
0.222379663428   -6.31301233511e-10   4.32332083113
0.229358509589   1.17831966406e-10   4.37072899816
0.236415592298   8.5593487853e-10   4.41780933036
0.243547811083   1.49148426942e-09   4.46455831416
0.250751990573   1.94127114383e-09   4.51097246438
0.258024883667   2.13965734019e-09   4.55704832477
0.265363174768   2.05292849387e-09   4.60278246846
0.272763483087   1.68294089775e-09   4.64817149856
0.280222366017   1.07327657872e-09   4.69321204868
0.287736322563   3.07799119525e-10   4.73790078349
0.29530179683   -4.97608176886e-10   4.78223439933
0.302915181569   -1.21028165267e-09   4.82620962478
0.310572821774   -1.6984795792e-09   4.86982322128
0.318271018322   -1.85810389297e-09   4.91307198378
0.326006031666   -1.63908531192e-09   4.9559527414
0.333774085556   -1.06786490761e-09   4.99846235806
0.341571370808   -2.62119215222e-10   5.04059773317
0.349394049099   5.71141356431e-10   5.08235580225
0.357238256794   1.16683374074e-09   5.12373353765
0.365100108798   1.27376953429e-09   5.16472794911
0.372975702425   7.77622410908e-10   5.20533608439
0.380861121294   -9.80131531492e-11   5.24555502976
0.388752439227   -5.04755348629e-10   5.2853819105
0.39664572417   9.73930269765e-10   5.32481389168
0.404537042104   -4.27090363075e-10   5.36384818572
0.412422460973   -2.12411155331e-09   5.40248203966
0.4202980546   -2.2737998151e-09   5.44071274405
0.428159906603   -9.73679803451e-10   5.47853763501
0.436004114298   9.48783274168e-10   5.51595409389
0.44382679259   2.62434607379e-09   5.55295954746
0.451624077842   3.4688811823e-09   5.58955146848
0.459392131732   3.27323590454e-09   5.62572737657
0.467127145075   2.15856221786e-09   5.6614848392
0.474825341624   4.66264360455e-10   5.69682147278
0.482482981829   -1.37007472034e-09   5.73173494381
0.490096366568   -2.93557178566e-09   5.76622297005
0.497661840834   -3.91708887548e-09   5.80028332161
0.50517579738   -4.14655509928e-09   5.83391382218
0.512634680311   -3.61237972868e-09   5.86711235009
0.52003498863   -2.43943620859e-09   5.89987683949
0.52737327973   -8.51973602778e-10   5.93220528154
0.534646172824   8.74011085727e-10   5.96409572551
0.541850352314   2.45909337337e-09   5.99554628008
0.548982571099   3.66348285041e-09   6.02655511455
0.556039653809   4.31868407702e-09   6.05712046017
0.56301849997   4.34658353754e-09   6.08724061149
0.569916087097   3.76145159464e-09   6.11691392781
0.576729473708   2.66237609736e-09   6.14613883459
0.58345580225   1.21314602808e-09   6.17491382504
0.590092301953   -3.83054477027e-10   6.20323746168
0.596636291592   -1.91345428391e-09   6.23110837795
0.603085182155   -3.18205195526e-09   6.25852527993
0.60943647943   -4.03392075299e-09   6.28548694801
0.615687786485   -4.37348202098e-09   6.31199223872
0.621836806063   -4.17018153342e-09   6.33804008648
0.627881342867   -3.46200312862e-09   6.36362950554
0.633819305754   -2.34637465013e-09   6.38875959181
0.639648709812   -9.66237756472e-10   6.41342952492
0.645367678347   5.0824500164e-10   6.43763857015
0.650974444746   1.90152071866e-09   6.46138608059
0.656467354244   3.05192759953e-09   6.48467149927
0.66184486557   3.83085829725e-09   6.50749436137
0.667105552484   4.15593337522e-09   6.52985429656
0.6722481052   3.99866184608e-09   6.55175103134
0.677271331691   3.38683658896e-09   6.57318439152
0.682174158875   2.3992337006e-09   6.5941543048
0.686955633688   1.15560272462e-09   6.61466080337
0.691614924035   -1.97279526049e-10   6.63470402665
0.696151319612   -1.50441703539e-09   6.65428422413
0.700564232623   -2.61776555988e-09   6.67340175826
0.704853198362   -3.41469696963e-09   6.69205710748
0.709017875674   -3.81018772089e-09   6.71025086929
0.7130580473   -3.76667141921e-09   6.72798376351
0.716973620089   -3.29600347015e-09   6.74525663554
0.720764625094   -2.45944598021e-09   6.76207045978
0.72443121754   -1.35792532774e-09   6.7784263432
0.727973676667   -1.22680532399e-10   6.79432552893
0.731392405458   1.1024372526e-09   6.80976940007
0.734687930228   2.17596607399e-09   6.82475948359
0.737860900108   2.9757103448e-09   6.83929745434
0.740912086394   3.41191430664e-09   6.85338513932
0.743842381778   3.43874084763e-09   6.86702452198
0.746652799457   3.05866532102e-09   6.88021774679
0.749344472128   2.32218955176e-09   6.89296712394
0.751918650853   1.32282806931e-09   6.90527513425
0.754376703815   1.84394721714e-10   6.91714443429
0.756720114955   -9.51994927334e-10   6.9285778617
0.75895048249   -1.94625027206e-09   6.9395784408
0.761069517323   -2.67580890778e-09   6.95014938833
0.763079041333   -3.05167002779e-09   6.96029411962
0.764980985565   -3.02910141414e-09   6.97001625488
0.7667773883   -2.61524935041e-09   6.97931962594
0.768470393025   -1.86746085262e-09   6.98820828325
0.770062246296   -8.88143780742e-10   6.99668650331
0.771555295502   1.88686399838e-10   7.00475879646
0.772951986519   1.21433352263e-09   7.01242991522
0.774254861275   2.04564454265e-09   7.0197048631
0.775466555217   2.56539056664e-09   7.02658890404
0.776589794683   2.69892641569e-09   7.03308757254
0.777627394185   2.42781794668e-09   7.03920668453
0.778582253601   1.79419146207e-09   7.04495234922
0.779457355288   8.96607232903e-10   7.05033098191
0.780255761106   -1.2176393227e-10   7.05534931809
0.780980609367   -1.09392939152e-09   7.06001442892
0.781635111708   -1.85551574106e-09   7.06433373838
0.782222549887   -2.27276064635e-09   7.06831504255
0.782746272513   -2.26737384423e-09   7.0719665311
0.783209691711   -1.83687287603e-09   7.07529681192
0.783616279713   -1.0598810718e-09   7.07831493928
0.783969565405   -8.93676244118e-11   7.08103044651
0.784273130804   8.70899796723e-10   7.0834533844
0.784530607492   1.60528923487e-09   7.08559436703
0.78474567299   1.93403959514e-09   7.08746462714
0.784922047097   1.76312831002e-09   7.08907608452
0.78506348818   1.10990239222e-09   7.09044143205
0.785173789429   1.66027191995e-10   7.09157424684
0.785256775074   -7.82722331394e-10   7.09248913815
0.785316296572   -1.38981715025e-09   7.09320195185
0.785356228774   -1.37832500968e-09   7.09373006723
0.785380466054   -6.97592206222e-10   7.09409285809
0.785392918433   2.57547760896e-10   7.09431248347
0.785397507679   7.66539720587e-10   7.09441548926
0.785398163397   -4.4408920985e-15   7.09443761195
