#D = 0.500000, cgrav = 100.000000, Ts = 0.0001924225500324, At = 0.1963495408469872, yt = 0.4999999814867804 
#A                  h(A)                   I(A)                  c(A)                  phi(A)                  A(phi(A))                  A(h(A))   htrue(A)
0.0000000000000000   0.0000000000000000    0.0000000000000000   0.0000000000000000   0.0000000000000000   0.0000000000000000   0.0000000000000000    0.0000000000000000
0.0000000103353440   0.0000049347859657    0.0000000000001999   0.0040150134049283   0.0120450243628261   0.0000000103354461   0.0000000103353440    0.0000049347859657
0.0000000826807932   0.0000197389490459    0.0000000000063976   0.0080300109596575   0.0240899060708883   0.0000000826809434   0.0000000826807932    0.0000197389490460
0.0000002790366607   0.0000444119047977    0.0000000000485792   0.0120449768158392   0.0361345024697878   0.0000002790368221   0.0000002790366607    0.0000444119047978
0.0000006613836771   0.0000789526791750    0.0000000002046974   0.0160598951287878   0.0481786709085676   0.0000006613838286   0.0000006613836771    0.0000789526791750
0.0000012916732026   0.0001233599085671    0.0000000006246287   0.0200747500593037   0.0602222687409934   0.0000012916733353   0.0000012916732026    0.0001233599085671
0.0000022318174444   0.0001776318398527    0.0000000015540993   0.0240895257755261   0.0722651533269864   0.0000022318175581   0.0000022318174444    0.0001776318398527
0.0000035436796803   0.0002417663304688    0.0000000033585696   0.0281042064547665   0.0843071820340816   0.0000035436797793   0.0000035436796803    0.0002417663304688
0.0000052890644893   0.0003157608484956    0.0000000065470661   0.0321187762853333   0.0963482122389129   0.0000052890645799   0.0000052890644893    0.0003157608484956
0.0000075297079922   0.0003996124727562    0.0000000117959521   0.0361332194683814   0.1083881013287779   0.0000075297080804   0.0000075297079922    0.0003996124727562
0.0000103272681027   0.0004933178929321    0.0000000199726244   0.0401475202197414   0.1204267067031570   0.0000103272681927   0.0000103272681027    0.0004933178929321
0.0000137433147910   0.0005968734096937    0.0000000321591276   0.0441616627717681   0.1324638857752865   0.0000137433148842   0.0000137433147910    0.0005968734096937
0.0000178393203610   0.0007102749348465    0.0000000496756755   0.0481756313751780   0.1444994959736930   0.0000178393204563   0.0000178393203610    0.0007102749348465
0.0000226766497433   0.0008335179914925    0.0000000741040679   0.0521894103008966   0.1565333947437413   0.0000226766498370   0.0000226766497433    0.0008335179914925
0.0000283165508048   0.0009665977142069    0.0000001073109947   0.0562029838419039   0.1685654395491706   0.0000283165508913   0.0000283165508048    0.0009665977142069
0.0000348201446770   0.0011095088492300    0.0000001514712155   0.0602163363150889   0.1805954878736417   0.0000348201447497   0.0000348201446770    0.0011095088492300
0.0000422484161044   0.0012622457546749    0.0000002090906051   0.0642294520630961   0.1926233972222514   0.0000422484161563   0.0000422484161044    0.0012622457546750
0.0000506622038141   0.0014248024007503    0.0000002830290556   0.0682423154561883   0.2046490251230729   0.0000506622038386   0.0000506622038141    0.0014248024007503
0.0000601221909089   0.0015971723699979    0.0000003765232232   0.0722549108941023   0.2166722291286762   0.0000601221909003   0.0000601221909089    0.0015971723699979
0.0000706888952844   0.0017793488575466    0.0000004932091120   0.0762672228079125   0.2286928668176491   0.0000706888952389   0.0000706888952844    0.0017793488575466
0.0000824226600728   0.0019713246713806    0.0000006371444834   0.0802792356618995   0.2407107957961316   0.0000824226599884   0.0000824226600728    0.0019713246713805
0.0000953836441139   0.0021730922326234    0.0000008128310812   0.0842909339554197   0.2527258736993325   0.0000953836439908   0.0000953836441139    0.0021730922326234
0.0001096318124555   0.0023846435758372    0.0000010252366642   0.0883023022247825   0.2647379581930618   0.0001096318122959   0.0001096318124555    0.0023846435758372
0.0001252269268839   0.0026059703493373    0.0000012798168339   0.0923133250451276   0.2767469069752567   0.0001252269266921   0.0001252269268839    0.0026059703493373
0.0001422285364870   0.0028370638155215    0.0000015825366512   0.0963239870323127   0.2887525777775126   0.0001422285362692   0.0001422285364870    0.0028370638155215
0.0001606959682510   0.0030779148512156    0.0000019398920287   0.1003342728448025   0.3007548283666195   0.0001606959680144   0.0001606959682510    0.0030779148512156
0.0001806883176915   0.0033285139480330    0.0000023589308926   0.1043441671855621   0.3127535165460894   0.0001806883174446   0.0001806883176915    0.0033285139480330
0.0002022644395222   0.0035888512127505    0.0000028472741023   0.1083536548039601   0.3247485001577011   0.0002022644392738   0.0002022644395222    0.0035888512127505
0.0002254829383606   0.0038589163676987    0.0000034131361196   0.1123627204976735   0.3367396370830326   0.0002254829381196   0.0002254829383606    0.0038589163676987
0.0002504021594739   0.0041386987511676    0.0000040653454184   0.1163713491145995   0.3487267852450012   0.0002504021592487   0.0002504021594739    0.0041386987511676
0.0002770801795655   0.0044281873178279    0.0000048133646251   0.1203795255547761   0.3607098026094100   0.0002770801793637   0.0002770801795655    0.0044281873178278
0.0003055747976042   0.0047273706391665    0.0000056673103814   0.1243872347723049   0.3726885471864811   0.0003055747974323   0.0003055747976042    0.0047273706391665
0.0003359435256966   0.0050362369039383    0.0000066379729197   0.1283944617772844   0.3846628770324051   0.0003359435255597   0.0003359435256966    0.0050362369039383
0.0003682435800059   0.0053547739186320    0.0000077368353433   0.1324011916377477   0.3966326502508803   0.0003682435799075   0.0003682435800059    0.0053547739186320
0.0004025318717165   0.0056829691079516    0.0000089760926024   0.1364074094816090   0.4085977249946574   0.0004025318716582   0.0004025318717165    0.0056829691079516
0.0004388649980468   0.0060208095153131    0.0000103686701566   0.1404131004986170   0.4205579594670841   0.0004388649980289   0.0004388649980468    0.0060208095153131
0.0004772992333124   0.0063682818033557    0.0000119282423166   0.1444182499423159   0.4325132119236479   0.0004772992333333   0.0004772992333124    0.0063682818033557
0.0005178905200393   0.0067253722544683    0.0000136692502559   0.1484228431320144   0.4444633406735202   0.0005178905200959   0.0005178905200393    0.0067253722544684
0.0005606944601300   0.0070920667713315    0.0000156069196841   0.1524268654547631   0.4564082040811024   0.0005606944602181   0.0005606944601300    0.0070920667713315
0.0006057663060836   0.0074683508774735    0.0000177572781755   0.1564303023673406   0.4683476605675701   0.0006057663061977   0.0006057663060836    0.0074683508774736
0.0006531609522704   0.0078542097178421    0.0000201371721417   0.1604331393982484   0.4802815686124177   0.0006531609524044   0.0006531609522704    0.0078542097178422
0.0007029329262636   0.0082496280593912    0.0000227642834442   0.1644353621497139   0.4922097867550070   0.0007029329264110   0.0007029329262636    0.0082496280593912
0.0007551363802289   0.0086545902916815    0.0000256571456360   0.1684369562997036   0.5041321735961100   0.0007551363803827   0.0007551363802289    0.0086545902916815
0.0008098250823731   0.0090690804274975    0.0000288351598269   0.1724379076039460   0.5160485877994588   0.0008098250825267   0.0008098250823731    0.0090690804274976
0.0008670524084534   0.0094930821034784    0.0000323186101638   0.1764382018979636   0.5279588880932941   0.0008670524086004   0.0008670524084534    0.0094930821034785
0.0009268713333489   0.0099265785807642    0.0000361286789187   0.1804378250991159   0.5398629332719141   0.0009268713334835   0.0009268713333489    0.0099265785807642
0.0009893344226954   0.0103695527456560    0.0000402874611790   0.1844367632086520   0.5517605821972246   0.0009893344228126   0.0009893344226954    0.0103695527456560
0.0010544938245842   0.0108219871102923    0.0000448179791297   0.1884350023137744   0.5636516938002907   0.0010544938246799   0.0010544938245842    0.0108219871102924
0.0011224012613276   0.0112838638133392    0.0000497441959245   0.1924325285897130   0.5755361270828898   0.0011224012613989   0.0011224012613276    0.0112838638133393
0.0011931080212916   0.0117551646206953    0.0000550910291363   0.1964293283018122   0.5874137411190681   0.0011931080213365   0.0011931080212916    0.0117551646206953
0.0012666649507964   0.0122358709262116    0.0000608843637814   0.2004253878076271   0.5992843950566955   0.0012666649508141   0.0012666649507964    0.0122358709262116
0.0013431224460875   0.0127259637524264    0.0000671510649120   0.2044206935590335   0.6111479481190220   0.0013431224460782   0.0013431224460875    0.0127259637524264
0.0014225304453772   0.0132254237513140    0.0000739189897685   0.2084152321043484   0.6230042596062378   0.0014225304453422   0.0014225304453772    0.0132254237513139
0.0015049384209594   0.0137342312050488    0.0000812169994883   0.2124089900904651   0.6348531888970368   0.0015049384209008   0.0015049384209594    0.0137342312050488
0.0015903953713967   0.0142523660267840    0.0000890749703629   0.2164019542649984   0.6466945954501754   0.0015903953713173   0.0015903953713967    0.0142523660267839
0.0016789498137833   0.0147798077614437    0.0000975238046385   0.2203941114784456   0.6585283388060393   0.0016789498136864   0.0016789498137833    0.0147798077614436
0.0017706497760834   0.0153165355865316    0.0001065954408547   0.2243854486863577   0.6703542785882076   0.0017706497759728   0.0017706497760834    0.0153165355865315
0.0018655427895474   0.0158625283129520    0.0001163228637159   0.2283759529515277   0.6821722745050222   0.0018655427894270   0.0018655427895474    0.0158625283129519
0.0019636758812056   0.0164177643858471    0.0001267401134889   0.2323656114461903   0.6939821863511557   0.0019636758810794   0.0019636758812056    0.0164177643858470
0.0020650955664427   0.0169822218854474    0.0001378822949240   0.2363544114542371   0.7057838740091825   0.0020650955663144   0.0020650955664427    0.0169822218854473
0.0021698478416519   0.0175558785279372    0.0001497855856919   0.2403423403734457   0.7175771974511518   0.0021698478415249   0.0021698478416519    0.0175558785279372
0.0022779781769720   0.0181387116663348    0.0001624872443348   0.2443293857177249   0.7293620167401602   0.0022779781768493   0.0022779781769720    0.0181387116663347
0.0023895315091069   0.0187306982913856    0.0001760256177237   0.2483155351193744   0.7411381920319295   0.0023895315089907   0.0023895315091069    0.0187306982913855
0.0025045522342295   0.0193318150324714    0.0001904401480209   0.2523007763313594   0.7529055835763809   0.0025045522341216   0.0025045522342295    0.0193318150324713
0.0026230842009713   0.0199420381585325    0.0002057713791413   0.2562850972296031   0.7646640517192165   0.0026230842008726   0.0026230842009713    0.0199420381585324
0.0027451707034980   0.0205613435790047    0.0002220609627090   0.2602684858152940   0.7764134569034988   0.0027451707034088   0.0027451707034980    0.0205613435790047
0.0028708544746729   0.0211897068447706    0.0002393516635061   0.2642509302172100   0.7881536596712320   0.0028708544745927   0.0028708544746729    0.0211897068447706
0.0030001776793088   0.0218271031491243    0.0002576873644098   0.2682324186940603   0.7998845206649463   0.0030001776792366   0.0030001776793088    0.0218271031491243
0.0031331819075100   0.0224735073287511    0.0002771130708131   0.2722129396368442   0.8116059006292832   0.0031331819074439   0.0031331819075100    0.0224735073287511
0.0032699081681042   0.0231288938647207    0.0002976749145284   0.2761924815712273   0.8233176604125827   0.0032699081680421   0.0032699081681042    0.0231288938647208
0.0034103968821673   0.0237932368834951    0.0003194201571687   0.2801710331599367   0.8350196609684722   0.0034103968821065   0.0034103968821673    0.0237932368834951
0.0035546878766399   0.0244665101579492    0.0003423971930040   0.2841485832051741   0.8467117633574566   0.0035546878765777   0.0035546878766399    0.0244665101579493
0.0037028203780388   0.0251486871084071    0.0003666555512918   0.2881251206510474   0.8583938287485119   0.0037028203779722   0.0037028203780388    0.0251486871084072
0.0038548330062620   0.0258397408036909    0.0003922458980775   0.2921006345860228   0.8700657184206794   0.0038548330061882   0.0038548330062620    0.0258397408036910
0.0040107637684907   0.0265396439621839    0.0004192200374621   0.2960751142453953   0.8817272937646626   0.0040107637684070   0.0040107637684907    0.0265396439621841
0.0041706500531872   0.0272483689529079    0.0004476309123379   0.3000485490137805   0.8933784162844257   0.0041706500530914   0.0041706500531872    0.0272483689529081
0.0043345286241910   0.0279658877966138    0.0004775326045870   0.3040209284276246   0.9050189475987942   0.0043345286240811   0.0043345286241910    0.0279658877966139
0.0045024356149134   0.0286921721668861    0.0005089803347429   0.3079922421777391   0.9166487494430597   0.0045024356147882   0.0045024356149134    0.0286921721668862
0.0046744065226313   0.0294271933912616    0.0005420304611135   0.3119624801118521   0.9282676836705835   0.0046744065224901   0.0046744065226313    0.0294271933912617
0.0048504762028823   0.0301709224523609    0.0005767404783635   0.3159316322371856   0.9398756122544067   0.0048504762027251   0.0048504762028823    0.0301709224523609
0.0050306788639600   0.0309233299890340    0.0006131690155559   0.3198996887230517   0.9514723972888580   0.0050306788637877   0.0050306788639600    0.0309233299890341
0.0052150480615125   0.0316843862975199    0.0006513758336515   0.3238666399034738   0.9630579009911701   0.0052150480613267   0.0052150480615125    0.0316843862975200
0.0054036166932437   0.0324540613326186    0.0006914218224652   0.3278324762798289   0.9746319857030922   0.0054036166930466   0.0054036166932437    0.0324540613326186
0.0055964169937180   0.0332323247088775    0.0007333689970799   0.3317971885235143   0.9861945138925106   0.0055964169935124   0.0055964169937180    0.0332323247088775
0.0057934805292702   0.0340191457017912    0.0007772804937160   0.3357607674786385   0.9977453481550684   0.0057934805290598   0.0057934805292702    0.0340191457017912
0.0059948381930208   0.0348144932490142    0.0008232205650583   0.3397232041647354   1.0092843512157901   0.0059948381928097   0.0059948381930208    0.0348144932490141
0.0062005201999980   0.0356183359515870    0.0008712545750385   0.3436844897795044   1.0208113859307071   0.0062005201997905   0.0062005201999980    0.0356183359515869
0.0064105560823657   0.0364306420751763    0.0009214489930755   0.3476446157015756   1.0323263152884887   0.0064105560821666   0.0064105560823657    0.0364306420751762
0.0066249746847607   0.0372513795513272    0.0009738713877728   0.3516035734932997   1.0438290024120735   0.0066249746845747   0.0066249746847607    0.0372513795513270
0.0068438041597374   0.0380805159787293    0.0010285904200741   0.3555613549035659   1.0553193105603054   0.0068438041595692   0.0068438041597374    0.0380805159787292
0.0070670719633221   0.0389180186244964    0.0010856758358782   0.3595179518706452   1.0667971031295704   0.0070670719631763   0.0070670719633221    0.0389180186244962
0.0072948048506778   0.0397638544254579    0.0011451984581141   0.3634733565250622   1.0782622436554405   0.0072948048505586   0.0072948048506778    0.0397638544254577
0.0075270288718789   0.0406179899894647    0.0012072301782776   0.3674275611924934   1.0897145958143164   0.0075270288717900   0.0075270288718790    0.0406179899894646
0.0077637693677979   0.0414803915967074    0.0012718439474319   0.3713805583966943   1.1011540234250743   0.0077637693677422   0.0077637693677979    0.0414803915967072
0.0080050509661033   0.0423510252010470    0.0013391137666718   0.3753323408624566   1.1125803904507190   0.0080050509660832   0.0080050509661033    0.0423510252010468
0.0082508975773709   0.0432298564313596    0.0014091146770559   0.3792829015185927   1.1239935610000358   0.0082508975773880   0.0082508975773709    0.0432298564313595
0.0085013323913084   0.0441168505928932    0.0014819227490077   0.3832322335009513   1.1353933993292478   0.0085013323913631   0.0085013323913084    0.0441168505928931
0.0087563778730927   0.0450119726686370    0.0015576150711874   0.3871803301554642   1.1467797698436766   0.0087563778731847   0.0087563778730927    0.0450119726686369
0.0090160557598230   0.0459151873207040    0.0016362697388385   0.3911271850412221   1.1581525370994057   0.0090160557599510   0.0090160557598229    0.0459151873207040
0.0092803870570879   0.0468264588917265    0.0017179658416104   0.3950727919335846   1.1695115658049473   0.0092803870572498   0.0092803870570879    0.0468264588917265
0.0095493920356489   0.0477457514062631    0.0018027834508609   0.3990171448273204   1.1808567208229126   0.0095493920358413   0.0095493920356489    0.0477457514062631
0.0098230902282385   0.0486730285722194    0.0018908036064415   0.4029602379397813   1.1921878671716857   0.0098230902284576   0.0098230902282386    0.0486730285722195
0.0101015004264769   0.0496082537822808    0.0019821083029685   0.4069020657141094   1.2035048700271003   0.0101015004267178   0.0101015004264769    0.0496082537822808
0.0103846406779034   0.0505513901153571    0.0020767804755837   0.4108426228224787   1.2148075947241215   0.0103846406781609   0.0103846406779034    0.0505513901153573
0.0106725282831275   0.0515024003380410    0.0021749039852088   0.4147819041693709   1.2260959067585286   0.0106725282833957   0.0106725282831275    0.0515024003380412
0.0109651797930963   0.0524612469060772    0.0022765636032959   0.4187199048948870   1.2373696717886058   0.0109651797933690   0.0109651797930963    0.0524612469060774
0.0112626110064812   0.0534278919658451    0.0023818449960811   0.4226566203780938   1.2486287556368310   0.0112626110067521   0.0112626110064812    0.0534278919658453
0.0115648369671830   0.0544022973558528    0.0024908347083412   0.4265920462404099   1.2598730242915743   0.0115648369674457   0.0115648369671830    0.0544022973558530
0.0118718719619562   0.0553844246082440    0.0026036201466627   0.4305261783490246   1.2711023439087956   0.0118718719622046   0.0118718719619562    0.0553844246082442
0.0121837295181532   0.0563742349503164    0.0027202895622238   0.4344590128203588   1.2823165808137496   0.0121837295183814   0.0121837295181532    0.0563742349503165
0.0125004224015881   0.0573716893060526    0.0028409320330967   0.4383905460235630   1.2935156015026938   0.0125004224017907   0.0125004224015881    0.0573716893060527
0.0128219626145207   0.0583767482976624    0.0029656374460742   0.4423207745840542   1.3046992726445998   0.0128219626146930   0.0128219626145207    0.0583767482976625
0.0131483613937612   0.0593893722471380    0.0030944964780258   0.4462496953870941   1.3158674610828691   0.0131483613938992   0.0131483613937612    0.0593893722471380
0.0134796292088960   0.0604095211778195    0.0032276005767887   0.4501773055814072   1.3270200338370552   0.0134796292089966   0.0134796292088960    0.0604095211778195
0.0138157757606342   0.0614371548159740    0.0033650419416000   0.4541036025828415   1.3381568581045888   0.0138157757606953   0.0138157757606342    0.0614371548159741
0.0141568099792758   0.0624722325923851    0.0035069135030745   0.4580285840780702   1.3492778012625053   0.0141568099792963   0.0141568099792758    0.0624722325923851
0.0145027400233017   0.0635147136439545    0.0036533089027349   0.4619522480283387   1.3603827308691829   0.0145027400232815   0.0145027400233017    0.0635147136439545
0.0148535732780851   0.0645645568153153    0.0038043224721006   0.4658745926732534   1.3714715146660772   0.0148535732780251   0.0148535732780851    0.0645645568153152
0.0152093163547253   0.0656217206604567    0.0039600492113404   0.4697956165346165   1.3825440205794697   0.0152093163546275   0.0152093163547253    0.0656217206604565
0.0155699750890040   0.0666861634443602    0.0041205847674961   0.4737153184203063   1.3936001167222134   0.0155699750888713   0.0155699750890040    0.0666861634443600
0.0159355545404634   0.0677578431446473    0.0042860254122845   0.4776336974282033   1.4046396713954885   0.0159355545402996   0.0159355545404634    0.0677578431446471
0.0163060589916076   0.0688367174532385    0.0044564680194820   0.4815507529501648   1.4156625530905607   0.0163060589914172   0.0163060589916076    0.0688367174532383
0.0166814919472259   0.0699227437780235    0.0046320100419012   0.4854664846760463   1.4266686304905458   0.0166814919470142   0.0166814919472259    0.0699227437780233
0.0170618561338399   0.0710158792445424    0.0048127494879659   0.4893808925977726   1.4376577724721793   0.0170618561336125   0.0170618561338399    0.0710158792445422
0.0174471534992725   0.0721160806976789    0.0049987848978902   0.4932939770134596   1.4486298481075908   0.0174471534990353   0.0174471534992725    0.0721160806976787
0.0178373852123405   0.0732233047033633    0.0051902153194710   0.4972057385315853   1.4595847266660842   0.0178373852120997   0.0178373852123405    0.0732233047033631
0.0182325516626700   0.0743375075502879    0.0053871402835006   0.5011161780752142   1.4705222776159248   0.0182325516624316   0.0182325516626700    0.0743375075502877
0.0186326524606348   0.0754586452516320    0.0055896597788070   0.5050252968862734   1.4814423706261290   0.0186326524604047   0.0186326524606348    0.0754586452516318
0.0190376864374183   0.0765866735467989    0.0057978742269289   0.5089330965298828   1.4923448755682633   0.0190376864372020   0.0190376864374183    0.0765866735467987
0.0194476516451974   0.0777215479031629    0.0060118844564358   0.5128395788987409   1.5032296625182451   0.0194476516449998   0.0194476516451974    0.0777215479031629
0.0198625453574507   0.0788632235178279    0.0062317916768978   0.5167447462175641   1.5140966017581536   0.0198625453572760   0.0198625453574506    0.0788632235178278
0.0202823640693887   0.0800116553193952    0.0064576974525164   0.5206486010475859   1.5249455637780436   0.0202823640692405   0.0202823640693887    0.0800116553193952
0.0207071034985074   0.0811667979697438    0.0066897036754231   0.5245511462911108   1.5357764192777652   0.0207071034983881   0.0207071034985074    0.0811667979697439
0.0211367585852647   0.0823286058658199    0.0069279125386538   0.5284523851961296   1.5465890391687931   0.0211367585851758   0.0211367585852647    0.0823286058658200
0.0215713234938788   0.0834970331414369    0.0071724265088094   0.5323523213609930   1.5573832945760564   0.0215713234938208   0.0215713234938788    0.0834970331414371
0.0220107916132503   0.0846720336690869    0.0074233482984093   0.5362509587391473   1.5681590568397821   0.0220107916132227   0.0220107916132503    0.0846720336690870
0.0224551555580061   0.0858535610617607    0.0076807808379481   0.5401483016439318   1.5789161975173358   0.0224551555580073   0.0224551555580061    0.0858535610617609
0.0229044071696654   0.0870415686747801    0.0079448272476640   0.5440443547534404   1.5896545883850788   0.0229044071696927   0.0229044071696654    0.0870415686747803
0.0233585375179281   0.0882360096076387    0.0082155908090272   0.5479391231154465   1.6003741014402231   0.0233585375179779   0.0233585375179281    0.0882360096076389
0.0238175369020850   0.0894368367058537    0.0084931749359591   0.5518326121523949   1.6110746089026995   0.0238175369021531   0.0238175369020850    0.0894368367058539
0.0242813948525499   0.0906440025628274    0.0087776831457901   0.5557248276664600   1.6217559832170267   0.0242813948526312   0.0242813948525499    0.0906440025628276
0.0247501001325124   0.0918574595217187    0.0090692190299663   0.5596157758446734   1.6324180970541955   0.0247501001326013   0.0247501001325124    0.0918574595217189
0.0252236407397128   0.0930771596773247    0.0093678862245137   0.5635054632641184   1.6430608233135495   0.0252236407398034   0.0252236407397128    0.0930771596773249
0.0257020039083370   0.0943030548779718    0.0096737883802707   0.5673938968971998   1.6536840351246813   0.0257020039084232   0.0257020039083370    0.0943030548779719
0.0261851761110327   0.0955350967274163    0.0099870291328980   0.5712810841169808   1.6642876058493328   0.0261851761111083   0.0261851761110327    0.0955350967274164
0.0266731430610453   0.0967732365867559    0.0103077120726751   0.5751670327025978   1.6748714090833037   0.0266731430611043   0.0266731430610453    0.0967732365867559
0.0271658897144739   0.0980174255763487    0.0106359407140945   0.5790517508447476   1.6854353186583648   0.0271658897145108   0.0271658897144739    0.0980174255763486
0.0276634002726473   0.0992676145777439    0.0109718184652622   0.5829352471512520   1.6959792086441838   0.0276634002726571   0.0276634002726473    0.0992676145777438
0.0281656581846182   0.1005237542356204    0.0113154485971158   0.5868175306526996   1.7065029533502543   0.0281656581845967   0.0281656581846182    0.1005237542356203
0.0286726461497773   0.1017857949597354    0.0116669342124698   0.5906986108081682   1.7170064273278360   0.0286726461497211   0.0286726461497773    0.1017857949597352
0.0291843461205851   0.1030536869268819    0.0120263782148979   0.5945784975110259   1.7274895053719013   0.0291843461204918   0.0291843461205851    0.1030536869268817
0.0297007393054216   0.1043273800828562    0.0123938832774631   0.5984572010948167   1.7379520625230895   0.0297007393052900   0.0297007393054216    0.1043273800828560
0.0302218061715541   0.1056068241444334    0.0127695518113059   0.6023347323392293   1.7483939740696730   0.0302218061713841   0.0302218061715541    0.1056068241444331
0.0307475264482212   0.1068919686013525    0.0131534859341006   0.6062111024761498   1.7588151155495253   0.0307475264480140   0.0307475264482212    0.1068919686013523
0.0312778791298344   0.1081827627183111    0.0135457874383911   0.6100863231958052   1.7692153627521068   0.0312778791295922   0.0312778791298344    0.1081827627183109
0.0318128424792944   0.1094791555369676    0.0139465577598151   0.6139604066529912   1.7795945917204512   0.0318128424790207   0.0318128424792944    0.1094791555369674
0.0323523940314242   0.1107810958779532    0.0143558979452287   0.6178333654733951   1.7899526787531645   0.0323523940311236   0.0323523940314242    0.1107810958779530
0.0328965105965162   0.1120885323428926    0.0147739086207421   0.6217052127600068   1.8002895004064341   0.0328965105961944   0.0328965105965162    0.1120885323428924
0.0334451682639947   0.1134014133164329    0.0152006899596755   0.6255759620996281   1.8106049334960457   0.0334451682636581   0.0334451682639947    0.1134014133164327
0.0339983424061910   0.1147196869682811    0.0156363416504476   0.6294456275694734   1.8208988550994079   0.0339983424058466   0.0339983424061910    0.1147196869682810
0.0345560076822328   0.1160433012552509    0.0160809628644068   0.6333142237438726   1.8311711425575909   0.0345560076818882   0.0345560076822328    0.1160433012552508
0.0351181380420455   0.1173722039233165    0.0165346522236153   0.6371817657010698   1.8414216734773725   0.0351181380417087   0.0351181380420455    0.1173722039233165
0.0356847067304663   0.1187063425096760    0.0169975077685981   0.6410482690301263   1.8516503257332908   0.0356847067301452   0.0356847067304663    0.1187063425096760
0.0362556862914688   0.1200456643448225    0.0174696269260668   0.6449137498379266   1.8618569774697153   0.0362556862911711   0.0362556862914688    0.1200456643448226
0.0368310485724985   0.1213901165546232    0.0179511064766292   0.6487782247562883   1.8720415071029179   0.0368310485722315   0.0368310485724985    0.1213901165546234
0.0374107647289188   0.1227396460624070    0.0184420425224965   0.6526417109491827   1.8822037933231632   0.0374107647286893   0.0374107647289187    0.1227396460624072
0.0379948052285655   0.1240941995910595    0.0189425304551969   0.6565042261200618   1.8923437150968034   0.0379948052283795   0.0379948052285655    0.1240941995910598
0.0385831398564108   0.1254537236651270    0.0194526649233094   0.6603657885193009   1.9024611516683876   0.0385831398562730   0.0385831398564108    0.1254537236651273
0.0391757377193340   0.1268181646129269    0.0199725398002262   0.6642264169517522   1.9125559825627796   0.0391757377192481   0.0391757377193340    0.1268181646129271
0.0397725672510003   0.1281874685686667    0.0205022481519556   0.6680861307844166   1.9226280875872872   0.0397725672509686   0.0397725672510002    0.1281874685686669
0.0403735962168451   0.1295615814745709    0.0210418822049768   0.6719449499542335   1.9326773468338028   0.0403735962168685   0.0403735962168451    0.1295615814745711
0.0409787917191649   0.1309404490830150    0.0215915333141567   0.6758028949759928   1.9427036406809584   0.0409787917192428   0.0409787917191649    0.1309404490830152
0.0415881202023114   0.1323240169586667    0.0221512919307398   0.6796599869503689   1.9527068497962841   0.0415881202024416   0.0415881202023114    0.1323240169586669
0.0422015474579909   0.1337122304806354    0.0227212475704229   0.6835162475720818   1.9626868551383867   0.0422015474581699   0.0422015474579909    0.1337122304806354
0.0428190386306660   0.1351050348446280    0.0233014887815236   0.6873716991381862   1.9726435379591363   0.0428190386308886   0.0428190386306660    0.1351050348446280
0.0434405582230596   0.1365023750651133    0.0238921031132562   0.6912263645564920   1.9825767798058636   0.0434405582233196   0.0434405582230596    0.1365023750651133
0.0440660701017606   0.1379041959774920    0.0244931770841226   0.6950802673541189   1.9924864625235736   0.0440660701020504   0.0440660701017606    0.1379041959774919
0.0446955375029293   0.1393104422402748    0.0251047961504329   0.6989334316861860   2.0023724682571662   0.0446955375032406   0.0446955375029293    0.1393104422402746
0.0453289230381036   0.1407210583372670    0.0257270446749615   0.7027858823446427   2.0122346794536732   0.0453289230384271   0.0453289230381036    0.1407210583372668
0.0459661887001021   0.1421359885797605    0.0263600058957550   0.7066376447672393   2.0220729788645078   0.0459661887004284   0.0459661887001021    0.1421359885797602
0.0466072958690269   0.1435551771087321    0.0270037618950983   0.7104887450466456   2.0318872495477263   0.0466072958693460   0.0466072958690269    0.1435551771087318
0.0472522053183613   0.1449785678970487    0.0276583935686511   0.7143392099397133   2.0416773748702997   0.0472522053186635   0.0472522053183613    0.1449785678970484
0.0479008772211646   0.1464061047516793    0.0283239805947663   0.7181890668768937   2.0514432385104051   0.0479008772214405   0.0479008772211646    0.1464061047516790
0.0485532711563608   0.1478377313159130    0.0290006014039992   0.7220383439718056   2.0611847244597268   0.0485532711566019   0.0485532711563608    0.1478377313159127
0.0492093461151223   0.1492733910715846    0.0296883331488197   0.7258870700309635   2.0709017170257713   0.0492093461153208   0.0492093461151223    0.1492733910715843
0.0498690605073449   0.1507130273413050    0.0303872516735358   0.7297352745636637   2.0805941008341939   0.0498690605074941   0.0498690605073449    0.1507130273413049
0.0505323721682156   0.1521565832906996    0.0310974314844416   0.7335829877920359   2.0902617608311482   0.0505323721683104   0.0505323721682156    0.1521565832906994
0.0511992383648712   0.1536040019306509    0.0318189457201975   0.7374302406612606   2.0999045822856397   0.0511992383649081   0.0511992383648712    0.1536040019306509
0.0518696158031461   0.1550552261195497    0.0325518661224547   0.7412770648499588   2.1095224507919008   0.0518696158031232   0.0518696158031461    0.1550552261195497
0.0525434606344087   0.1565101985655498    0.0332962630067330   0.7451234927807541   2.1191152522717767   0.0525434606343260   0.0525434606344087    0.1565101985655499
0.0532207284624861   0.1579688618288304    0.0340522052335630   0.7489695576310131   2.1286828729771314   0.0532207284623453   0.0532207284624861    0.1579688618288305
0.0539013743506743   0.1594311583238634    0.0348197601799017   0.7528152933437687   2.1382251994922656   0.0539013743504789   0.0539013743506743    0.1594311583238636
0.0545853528288347   0.1608970303216871    0.0355989937108328   0.7566607346388271   2.1477421187363501   0.0545853528285900   0.0545853528288347    0.1608970303216873
0.0552726179005739   0.1623664199521850    0.0363899701515601   0.7605059170240641   2.1572335179658784   0.0552726179002867   0.0552726179005739    0.1623664199521853
0.0559631230505074   0.1638392692063705    0.0371927522597049   0.7643508768069166   2.1666992847771311   0.0559631230501858   0.0559631230505074    0.1638392692063708
0.0566568212516047   0.1653155199386769    0.0380074011979165   0.7681956511060688   2.1761393071086634   0.0566568212512579   0.0566568212516047    0.1653155199386772
0.0573536649726155   0.1667951138692531    0.0388339765068053   0.7720402778633424   2.1855534732438011   0.0573536649722535   0.0573536649726155    0.1667951138692533
0.0580536061855757   0.1682779925862642    0.0396725360782096   0.7758847958557916   2.1949416718131638   0.0580536061852088   0.0580536061855757    0.1682779925862644
0.0587565963733910   0.1697640975481975    0.0405231361288022   0.7797292447080074   2.2043037917971935   0.0587565963730297   0.0587565963733910    0.1697640975481977
0.0594625865374987   0.1712533700861737    0.0413858311740494   0.7835736649046392   2.2136397225287139   0.0594625865371532   0.0594625865374987    0.1712533700861738
0.0601715272056050   0.1727457514062631    0.0422606740025304   0.7874180978031335   2.2229493536954945   0.0601715272052849   0.0601715272056050    0.1727457514062631
0.0608833684394977   0.1742411825918065    0.0431477156506247   0.7912625856466988   2.2322325753428478   0.0608833684392115   0.0608833684394977    0.1742411825918065
0.0615980598429311   0.1757396046057414    0.0440470053775794   0.7951071715774976   2.2414892778762288   0.0615980598426860   0.0615980598429311    0.1757396046057413
0.0623155505695851   0.1772409582929322    0.0449585906409624   0.7989518996500734   2.2507193520638640   0.0623155505693865   0.0623155505695851    0.1772409582929321
0.0630357893310938   0.1787451843825062    0.0458825170725117   0.8027968148450177   2.2599226890393997   0.0630357893309453   0.0630357893310938    0.1787451843825060
0.0637587244051448   0.1802522234901929    0.0468188284543895   0.8066419630828806   2.2690991803045617   0.0637587244050480   0.0637587244051448    0.1802522234901927
0.0644843036436467   0.1817620161206690    0.0477675666958489   0.8104873912383298   2.2782487177318425   0.0644843036436010   0.0644843036436467    0.1817620161206687
0.0652124744809638   0.1832745026699065    0.0487287718103212   0.8143331471545674   2.2873711935672025   0.0652124744809665   0.0652124744809638    0.1832745026699061
0.0659431839422171   0.1847896234275261    0.0497024818929337   0.8181792796580067   2.2964665004327958   0.0659431839422632   0.0659431839422171    0.1847896234275258
0.0666763786516492   0.1863073185791547    0.0506887330984640   0.8220258385732142   2.3055345313297133   0.0666763786517321   0.0666763786516492    0.1863073185791544
0.0674120048410535   0.1878275282087865    0.0516875596197399   0.8258728747381264   2.3145751796407454   0.0674120048411644   0.0674120048410535    0.1878275282087863
0.0681500083582642   0.1893501923011483    0.0526989936664925   0.8297204400195441   2.3235883391331709   0.0681500083583934   0.0681500083582642    0.1893501923011482
0.0688903346757080   0.1908752507440689    0.0537230654446699   0.8335685873289119   2.3325739039615616   0.0688903346758447   0.0688903346757080    0.1908752507440688
0.0696329288990147   0.1924026433308524    0.0547598031362193   0.8374173706383891   2.3415317686706079   0.0696329288991474   0.0696329288990147    0.1924026433308524
0.0703777357756853   0.1939323097626547    0.0558092328793441   0.8412668449972183   2.3504618281979721   0.0703777357758025   0.0703777357756853    0.1939323097626547
0.0711246997038172   0.1954641896508642    0.0568713787492446   0.8451170665483992   2.3593639778771580   0.0711246997039081   0.0711246997038172    0.1954641896508644
0.0718737647408843   0.1969982225194862    0.0579462627393471   0.8489680925456735   2.3682381134404040   0.0718737647409390   0.0718737647408843    0.1969982225194864
0.0726248746125712   0.1985343478075294    0.0590339047430313   0.8528199813708283   2.3770841310216020   0.0726248746125815   0.0726248746125712    0.1985343478075297
0.0733779727216593   0.2000725048713980    0.0601343225358592   0.8566727925513262   2.3859019271592334   0.0733779727216189   0.0733779727216593    0.2000725048713982
0.0741330021569643   0.2016126329872847    0.0612475317583150   0.8605265867782684   2.3946913987993366   0.0741330021568695   0.0741330021569643    0.2016126329872850
0.0748899057023232   0.2031546713535687    0.0623735458990606   0.8643814259246981   2.4034524432984883   0.0748899057021725   0.0748899057023232    0.2031546713535689
0.0756486258456290   0.2046985590932155    0.0635123762787136   0.8682373730642542   2.4121849584268227   0.0756486258454244   0.0756486258456290    0.2046985590932157
0.0764091047879131   0.2062442352561809    0.0646640320341541   0.8720944924901818   2.4208888423710575   0.0764091047876592   0.0764091047879131    0.2062442352561810
0.0771712844524722   0.2077916388218165    0.0658285201033647   0.8759528497347070   2.4295639937375664   0.0771712844521764   0.0771712844524722    0.2077916388218166
0.0779351064940389   0.2093407087012792    0.0670058452108116   0.8798125115887864   2.4382103115554545   0.0779351064937112   0.0779351064940389    0.2093407087012791
0.0787005123079958   0.2108913837399424    0.0681960098533704   0.8836735461222394   2.4468276952796799   0.0787005123076480   0.0787005123079958    0.2108913837399423
0.0794674430396293   0.2124436027198109    0.0693990142868030   0.8875360227042716   2.4554160447941911   0.0794674430392749   0.0794674430396293    0.2124436027198107
0.0802358395934236   0.2139973043619372    0.0706148565127899   0.8914000120243992   2.4639752604150940   0.0802358395930767   0.0802358395934236    0.2139973043619370
0.0810056426423927   0.2155524273288408    0.0718435322665247   0.8952655861137838   2.4725052428938445   0.0810056426420672   0.0810056426423927    0.2155524273288405
0.0817767926374485   0.2171089102269296    0.0730850350048719   0.8991328183669866   2.4810058934204764   0.0817767926371573   0.0817767926374485    0.2171089102269294
0.0825492298168048   0.2186666916089241    0.0743393558950979   0.9030017835641545   2.4894771136268523   0.0825492298165587   0.0825492298168048    0.2186666916089239
0.0833228942154139   0.2202257099762827    0.0756064838041738   0.9068725578936441   2.4979188055899439   0.0833228942152209   0.0833228942154139    0.2202257099762826
0.0840977256744359   0.2217859037816297    0.0768864052886591   0.9107452189750982   2.5063308718351411   0.0840977256743001   0.0840977256744359    0.2217859037816296
0.0848736638507385   0.2233472114311850    0.0781791045851675   0.9146198458829843   2.5147132153395999   0.0848736638506600   0.0848736638507385    0.2233472114311850
0.0856506482264262   0.2249095712871962    0.0794845636014194   0.9184965191706046   2.5230657395356104   0.0856506482264002   0.0856506482264262    0.2249095712871963
0.0864286181183963   0.2264729216703713    0.0808027619078848   0.9223753208945914   2.5313883483139992   0.0864286181184133   0.0864286181183963    0.2264729216703714
0.0872075126879215   0.2280372008623140    0.0821336767300205   0.9262563346398990   2.5396809460275644   0.0872075126879680   0.0872075126879215    0.2280372008623142
0.0879872709502575   0.2296023471079605    0.0834772829411037   0.9301396455453034   2.5479434374945433   0.0879872709503165   0.0879872709502575    0.2296023471079607
0.0887678317842727   0.2311682986180167    0.0848335530556660   0.9340253403294229   2.5561757280021018   0.0887678317843252   0.0887678317842727    0.2311682986180168
0.0895491339421001   0.2327349935713985    0.0862024572235310   0.9379135073172724   2.5643777233098684   0.0895491339421270   0.0895491339421001    0.2327349935713986
0.0903311160588093   0.2343023701176717    0.0875839632244561   0.9418042364673651   2.5725493296534849   0.0903311160587932   0.0903311160588093    0.2343023701176717
0.0911137166620962   0.2358703663794940    0.0889780364633843   0.9456976193993732   2.5806904537481983   0.0911137166620244   0.0911137166620962    0.2358703663794939
0.0918968741819908   0.2374389204550578    0.0903846399663047   0.9495937494223649   2.5888010027924717   0.0918968741818575   0.0918968741819908    0.2374389204550576
0.0926805269605792   0.2390079704205339    0.0918037343767266   0.9534927215636285   2.5968808844716271   0.0926805269603877   0.0926805269605792    0.2390079704205338
0.0934646132617408   0.2405774543325165    0.0932352779527673   0.9573946325981018   2.6049300069615207   0.0934646132615049   0.0934646132617408    0.2405774543325164
0.0942490712808964   0.2421473102304680    0.0946792265648556   0.9612995810784176   2.6129482789322247   0.0942490712806404   0.0942490712808964    0.2421473102304680
0.0950338391547683   0.2437174761391656    0.0961355336940537   0.9652076673655866   2.6209356095517520   0.0950338391545251   0.0950338391547683    0.2437174761391656
0.0958188549711494   0.2452878900711479    0.0976041504309967   0.9691189936603293   2.6288919084897868   0.0958188549709543   0.0958188549711494    0.2452878900711480
0.0966040567786793   0.2468584900291617    0.0990850254754520   0.9730336640350750   2.6368170859214350   0.0966040567785606   0.0966040567786793    0.2468584900291619
0.0973893825966276   0.2484292140086103    0.1005781051364997   0.9769517844666447   2.6447110525309871   0.0973893825965897   0.0973893825966276    0.2484292140086103
0.0981747704246810   0.2500000000000000    0.1020833333333333   0.9808734628696376   2.6525737195157002   0.0981747704246811   0.0981747704246810    0.2500000000000000
0.0989601582527345   0.2515707859913898    0.1036006515966832   0.9847988091305355   2.6604049985944407   0.0989601582524034   0.0989601582527345    0.2515707859913897
0.0997454840706828   0.2531415099708383    0.1051299990708603   0.9887279351425468   2.6682048020029017   0.0997454840716066   0.0997454840706828    0.2531415099708382
0.1005306858782127   0.2547121099288522    0.1066713125164227   0.9926609548412078   2.6759730425034207   0.1005306858795868   0.1005306858782127    0.2547121099288521
0.1013157016945937   0.2562825238608344    0.1082245263134637   0.9965979842407621   2.6837096333879069   0.1013157016953008   0.1013157016945937    0.2562825238608343
0.1021004695684657   0.2578526897695320    0.1097895724655206   1.0005391414713385   2.6914144884818674   0.1021004695678957   0.1021004695684657    0.2578526897695321
0.1028849275876213   0.2594225456674836    0.1113663806041042   1.0044845468169459   2.6990875221485084   0.1028849275858127   0.1028849275876213    0.2594225456674836
0.1036690138887828   0.2609920295794661    0.1129548779938482   1.0084343227543107   2.7067286492928959   0.1036690138862510   0.1036690138887828    0.2609920295794663
0.1044526666673713   0.2625610795449422    0.1145549895382776   1.0123885939925776   2.7143377853661743   0.1044526666648420   0.1044526666673713    0.2625610795449424
0.1052358241872659   0.2641296336205060    0.1161666377861937   1.0163474875138943   2.7219148463698364   0.1052358241854315   0.1052358241872659    0.2641296336205061
0.1060184247905528   0.2656976298823283    0.1177897429386763   1.0203111326149084   2.7294597488600401   0.1060184247899026   0.1060184247905528    0.2656976298823284
0.1068004069072619   0.2672650064286015    0.1194242228566994   1.0242796609491958   2.7369724099519748   0.1068004069079994   0.1068004069072619    0.2672650064286015
0.1075817090650894   0.2688317013819834    0.1210699930693604   1.0282532065706518   2.7444527473242686   0.1075817090671256   0.1075817090650894    0.2688317013819832
0.1083622698991046   0.2703976528920396    0.1227269667827187   1.0322319059778646   2.7519006792234446   0.1083622699021084   0.1083622698991046    0.2703976528920394
0.1091420281614406   0.2719627991376860    0.1243950548892443   1.0362158981595040   2.7593161244684206   0.1091420281649218   0.1091420281614405    0.2719627991376858
0.1099209227309658   0.2735270783296287    0.1260741659778707   1.0402053246407472   2.7666990024550531   0.1099209227343702   0.1099209227309658    0.2735270783296286
0.1106988926229359   0.2750904287128039    0.1277642063446517   1.0442003295307754   2.7740492331607269   0.1106988926257355   0.1106988926229359    0.2750904287128038
0.1114758769986235   0.2766527885688150    0.1294650800040186   1.0482010595713671   2.7813667371489945   0.1114758770003907   0.1114758769986235    0.2766527885688150
0.1122518151749262   0.2782140962183703    0.1311766887006351   1.0522076641866223   2.7886514355742609   0.1122518151753838   0.1122518151749262    0.2782140962183704
0.1130266466339482   0.2797742900237173    0.1328989319218456   1.0562202955338420   2.7959032501865142   0.1130266466329949   0.1130266466339482    0.2797742900237175
0.1138003110325572   0.2813333083910759    0.1346317069107142   1.0602391085556047   2.8031221033361131   0.1138003110302683   0.1138003110325572    0.2813333083910761
0.1145727482119135   0.2828910897730704    0.1363749086796516   1.0642642610330666   2.8103079179786183   0.1145727482085211   0.1145727482119135    0.2828910897730706
0.1153438982069694   0.2844475726711593    0.1381284300246248   1.0682959136405228   2.8174606176796817   0.1153438982028275   0.1153438982069694    0.2844475726711595
0.1161137012559385   0.2860026956380628    0.1398921615399449   1.0723342300012633   2.8245801266199804   0.1161137012514780   0.1161137012559385    0.2860026956380631
0.1168820978097328   0.2875563972801891    0.1416659916336322   1.0763793767447631   2.8316663696002151   0.1168820978054138   0.1168820978097327    0.2875563972801893
0.1176490285413662   0.2891086162600576    0.1434498065433492   1.0804315235652435   2.8387192720461516   0.1176490285376303   0.1176490285413662    0.2891086162600577
0.1184144343553232   0.2906592912987208    0.1452434903529017   1.0844908432816434   2.8457387600137265   0.1184144343525520   0.1184144343553232    0.2906592912987209
0.1191782563968899   0.2922083611781835    0.1470469250093003   1.0885575118990423   2.8527247601942038   0.1191782563953727   0.1191782563968899    0.2922083611781835
0.1199404360614490   0.2937557647438191    0.1488599903403777   1.0926317086715740   2.8596771999193913   0.1199404360613602   0.1199404360614490    0.2937557647438190
0.1207009150037331   0.2953014409067846    0.1506825640729579   1.0967136161668813   2.8665960071669105   0.1207009150051217   0.1207009150037331    0.2953014409067844
0.1214596351470389   0.2968453286464314    0.1525145218515704   1.1008034203321477   2.8734811105655305   0.1214596351498284   0.1214596351470389    0.2968453286464312
0.1222165386923978   0.2983873670127154    0.1543557372577060   1.1049013105617607   2.8803324394005556   0.1222165386963971   0.1222165386923978    0.2983873670127151
0.1229715681277028   0.2999274951286021    0.1562060818296050   1.1090074797666480   2.8871499236192770   0.1229715681326249   0.1229715681277028    0.2999274951286018
0.1237246662367909   0.3014656521924706    0.1580654250825761   1.1131221244453420   2.8939334938364780   0.1237246662422776   0.1237246662367909    0.3014656521924703
0.1244757761084778   0.3030017774805139    0.1599336345298369   1.1172454447568201   2.9006830813400106   0.1244757761141289   0.1244757761084778    0.3030017774805137
0.1252248411455449   0.3045358103491358    0.1618105757038714   1.1213776445951755   2.9073986180964240   0.1252248411509487   0.1252248411455449    0.3045358103491356
0.1259718050736768   0.3060676902373454    0.1636961121782970   1.1255189316661729   2.9140800367566619   0.1259718050784393   0.1259718050736768    0.3060676902373453
0.1267166119503474   0.3075973566691477    0.1655901055902353   1.1296695175657481   2.9207272706618208   0.1267166119541198   0.1267166119503474    0.3075973566691477
0.1274592061736541   0.3091247492559311    0.1674924156631801   1.1338296178605065   2.9273402538489757   0.1274592061761554   0.1274592061736540    0.3091247492559311
0.1281995324910979   0.3106498076988518    0.1694029002303546   1.1379994521702861   2.9339189210570664   0.1281995324921320   0.1281995324910979    0.3106498076988519
0.1289375360083086   0.3121724717912135    0.1713214152585519   1.1421792442528445   2.9404632077328547   0.1289375360077752   0.1289375360083086    0.3121724717912137
0.1296731621977129   0.3136926814208453    0.1732478148724512   1.1463692220907371   2.9469730500369469   0.1296731621956123   0.1296731621977128    0.3136926814208456
0.1304063569071450   0.3152103765724740    0.1751819513794025   1.1505696179804554   2.9534483848498834   0.1304063569035760   0.1304063569071449    0.3152103765724742
0.1311370663683983   0.3167254973300936    0.1771236752946714   1.1547806686238928   2.9598891497783009   0.1311370663635505   0.1311370663683983    0.3167254973300939
0.1318652372057154   0.3182379838793311    0.1790728353671386   1.1590026152222124   2.9662952831611626   0.1318652371998562   0.1318652372057154    0.3182379838793313
0.1325908164442173   0.3197477765098071    0.1810292786054420   1.1632357035721919   2.9726667240760598   0.1325908164376746   0.1325908164442173    0.3197477765098073
0.1333137515182682   0.3212548156174938    0.1829928503045602   1.1674801841651268   2.9790034123455889   0.1333137515114109   0.1333137515182682    0.3212548156174940
0.1340339902797769   0.3227590417070678    0.1849633940728214   1.1717363122883657   2.9853052885437963   0.1340339902729930   0.1340339902797769    0.3227590417070679
0.1347514810064309   0.3242603953942587    0.1869407518593362   1.1760043481295681   2.9915722940027054   0.1347514810001053   0.1347514810064309    0.3242603953942588
0.1354661724098644   0.3257588174081935    0.1889247639818413   1.1802845568837717   2.9978043708189137   0.1354661724043580   0.1354661724098644    0.3257588174081935
0.1361780136437570   0.3272542485937370    0.1909152691549491   1.1845772088633550   3.0040014618602693   0.1361780136393875   0.1361780136437570    0.3272542485937369
0.1368869543118634   0.3287466299138263    0.1929121045187909   1.1888825796109934   3.0101635107726246   0.1368869543088883   0.1368869543118634    0.3287466299138262
0.1375929444759711   0.3302359024518026    0.1949151056680494   1.1932009500157055   3.0162904619866717   0.1375929444745753   0.1375929444759711    0.3302359024518024
0.1382959346637864   0.3317220074137359    0.1969241066813666   1.1975326064320875   3.0223822607248541   0.1382959346640731   0.1382959346637864    0.3317220074137356
0.1389958758767466   0.3332048861307470    0.1989389401511225   1.2018778408028450   3.0284388530083621   0.1389958758787331   0.1389958758767466    0.3332048861307467
0.1396927195977574   0.3346844800613231    0.2009594372135724   1.2062369507847270   3.0344601856642091   0.1396927196013746   0.1396927195977574    0.3346844800613228
0.1403864177988547   0.3361607307936295    0.2029854275793365   1.2106102398779799   3.0404462063323967   0.1403864178039516   0.1403864177988547    0.3361607307936293
0.1410769229487882   0.3376335800478150    0.2050167395642283   1.2149980175594335   3.0463968634731575   0.1410769229551398   0.1410769229487882    0.3376335800478147
0.1417641880205274   0.3391029696783129    0.2070532001204163   1.2194005994193446   3.0523121063742855   0.1417641880278462   0.1417641880205274    0.3391029696783127
0.1424481664986878   0.3405688416761366    0.2090946348679080   1.2238183073021245   3.0581918851585597   0.1424481665066384   0.1424481664986878    0.3405688416761364
0.1431288123868760   0.3420311381711696    0.2111408681263458   1.2282514694510827   3.0640361507912477   0.1431288123950910   0.1431288123868760    0.3420311381711695
0.1438060802149534   0.3434898014344502    0.2131917229471058   1.2327004206573191   3.0698448550876996   0.1438060802230504   0.1438060802149534    0.3434898014344501
0.1444799250462160   0.3449447738804503    0.2152470211456893   1.2371655024129165   3.0756179507210408   0.1444799250538163   0.1444799250462160    0.3449447738804503
0.1451503024844908   0.3463959980693491    0.2173065833343978   1.2416470630685696   3.0813553912299461   0.1451503024912361   0.1451503024844908    0.3463959980693491
0.1458171686811465   0.3478434167093005    0.2193702289552804   1.2461454579958176   3.0870571310265107   0.1458171686867149   0.1458171686811465    0.3478434167093006
0.1464804803420172   0.3492869726586950    0.2214377763133436   1.2506610497540260   3.0927231254042189   0.1464804803461381   0.1464804803420172    0.3492869726586952
0.1471401947342398   0.3507266089284155    0.2235090426100145   1.2551942082622991   3.0983533305460011   0.1471401947367052   0.1471401947342398    0.3507266089284157
0.1477962696930012   0.3521622686840870    0.2255838439768458   1.2597453109764858   3.1039477035323944   0.1477962696936748   0.1477962696930012    0.3521622686840872
0.1484486636281975   0.3535938952483207    0.2276619955094523   1.2643147430714647   3.1095062023497970   0.1484486636270206   0.1484486636281975    0.3535938952483210
0.1490973355310007   0.3550214321029512    0.2297433113016691   1.2689028976288954   3.1150287858988222   0.1490973355279941   0.1490973355310007    0.3550214321029516
0.1497422449803351   0.3564448228912679    0.2318276044799211   1.2735101758306313   3.1205154140027562   0.1497422449755985   0.1497422449803351    0.3564448228912682
0.1503833521492600   0.3578640114202396    0.2339146872377921   1.2781369871579982   3.1259660474161159   0.1503833521429674   0.1503833521492600    0.3578640114202398
0.1510206178112585   0.3592789416627331    0.2360043708707838   1.2827837495971521   3.1313806478333079   0.1510206178036510   0.1510206178112585    0.3592789416627333
0.1516540033464328   0.3606895577597253    0.2380964658112547   1.2874508898507397   3.1367591778974004   0.1516540033378083   0.1516540033464328    0.3606895577597254
0.1522834707476015   0.3620958040225080    0.2401907816635259   1.2921388435560843   3.1421016012089908   0.1522834707383026   0.1522834707476015    0.3620958040225080
0.1529089826263025   0.3634976249348867    0.2422871272391456   1.2968480555101525   3.1474078823351945   0.1529089826167025   0.1529089826263025    0.3634976249348867
0.1535305022186961   0.3648949651553720    0.2443853105922990   1.3015789799015356   3.1526779868187291   0.1535305022091837   0.1535305022186961    0.3648949651553720
0.1541479933913712   0.3662877695193647    0.2464851390553552   1.3063320805497238   3.1579118811871223   0.1541479933823348   0.1541479933913712    0.3662877695193646
0.1547614206470507   0.3676759830413333    0.2485864192745384   1.3111078311519355   3.1631095329620260   0.1547614206388633   0.1547614206470507    0.3676759830413331
0.1553707491301972   0.3690595509169850    0.2506889572457129   1.3159067155377937   3.1682709106686464   0.1553707491232012   0.1553707491301972    0.3690595509169848
0.1559759446325170   0.3704384185254291    0.2527925583502717   1.3207292279321425   3.1733959838452912   0.1559759446270108   0.1559759446325170    0.3704384185254289
0.1565769735983618   0.3718125314313334    0.2548970273911155   1.3255758732263188   3.1784847230530340   0.1565769735945881   0.1565769735983618    0.3718125314313331
0.1571738031300280   0.3731818353870732    0.2570021686287147   1.3304471672582030   3.1835370998854962   0.1571738031281639   0.1571738031300280    0.3731818353870728
0.1577664009929513   0.3745462763348730    0.2591077858172404   1.3353436371013883   3.1885530869787559   0.1577664009931017   0.1577664009929513    0.3745462763348727
0.1583547356207965   0.3759058004089404    0.2612136822407524   1.3402658213638188   3.1935326580213719   0.1583547356229896   0.1583547356207965    0.3759058004089402
0.1589387761204433   0.3772603539375931    0.2633196607494387   1.3452142704962791   3.1984757877645382   0.1589387761246292   0.1589387761204433    0.3772603539375928
0.1595184922768636   0.3786098834453768    0.2654255237958884   1.3501895471111072   3.2033824520323639   0.1595184922829160   0.1595184922768636    0.3786098834453766
0.1600938545578933   0.3799543356551776    0.2675310734713912   1.3551922263115526   3.2082526277322780   0.1600938545656138   0.1600938545578933    0.3799543356551774
0.1606648341188958   0.3812936574903241    0.2696361115422518   1.3602228960321878   3.2130862928655670   0.1606648341280209   0.1606648341188958    0.3812936574903240
0.1612314028073166   0.3826277960766836    0.2717404394861079   1.3652821573908334   3.2178834265380436   0.1612314028175272   0.1612314028073166    0.3826277960766835
0.1617935331671293   0.3839566987447491    0.2738438585282393   1.3703706250524459   3.2226440089708488   0.1617935331780624   0.1617935331671293    0.3839566987447491
0.1623511984431710   0.3852803130317188    0.2759461696778601   1.3754889276054689   3.2273680215113894   0.1623511984544324   0.1623511984431710    0.3852803130317189
0.1629043725853673   0.3865985866835672    0.2780471737643794   1.3806377079511445   3.2320554466444085   0.1629043725965458   0.1629043725853673    0.3865985866835673
0.1634530302528458   0.3879114676571074    0.2801466714736220   1.3858176237063287   3.2367062680032030   0.1634530302635283   0.1634530302528458    0.3879114676571075
0.1639971468179379   0.3892189041220468    0.2822444633839982   1.3910293476203659   3.2413204703809759   0.1639971468277243   0.1639971468179379    0.3892189041220470
0.1645366983700677   0.3905208444630325    0.2843403500026094   1.3962735680066072   3.2458980397423307   0.1645366983785850   0.1645366983700677    0.3905208444630326
0.1650716617195277   0.3918172372816889    0.2864341318012808   1.4015509891891906   3.2504389632349153   0.1650716617264438   0.1650716617195277    0.3918172372816892
0.1656020144011409   0.3931080313986475    0.2885256092525099   1.4068623319657292   3.2549432292012090   0.1656020144061768   0.1656020144011409    0.3931080313986478
0.1661277346778080   0.3943931758555667    0.2906145828653187   1.4122083340865770   3.2594108271904583   0.1661277346807480   0.1661277346778080    0.3943931758555669
0.1666488015439405   0.3956726199171438    0.2927008532210004   1.4175897507513904   3.2638417479707655   0.1666488015446403   0.1666488015439405    0.3956726199171440
0.1671651947287770   0.3969463130731181    0.2947842210087487   1.4230073551237274   3.2682359835413277   0.1671651947271695   0.1671651947287770    0.3969463130731182
0.1676768946995848   0.3982142050402646    0.2968644870611596   1.4284619388644657   3.2725935271448341   0.1676768946956831   0.1676768946995848    0.3982142050402648
0.1681838826647439   0.3994762457643796    0.2989414523895947   1.4339543126848664   3.2769143732800154   0.1681838826586413   0.1681838826647439    0.3994762457643797
0.1686861405767148   0.4007323854222561    0.3010149182193950   1.4394853069201428   3.2811985177143619   0.1686861405685827   0.1686861405767148    0.4007323854222562
0.1691836511348882   0.4019825744236514    0.3030846860249365   1.4450557721244486   3.2854459574969903   0.1691836511249707   0.1691836511348882    0.4019825744236514
0.1696763977883168   0.4032267634132442    0.3051505575645136   1.4506665796882352   3.2896566909716909   0.1696763977769234   0.1696763977883168    0.4032267634132441
0.1701643647383294   0.4044649032725837    0.3072123349150448   1.4563186224789875   3.2938307177901258   0.1701643647258243   0.1701643647383294    0.4044649032725836
0.1706475369410251   0.4056969451220283    0.3092698205065847   1.4620128155063916   3.2979680389252080   0.1706475369278162   0.1706475369410251    0.4056969451220281
0.1711259001096493   0.4069228403226753    0.3113228171566372   1.4677500966130539   3.3020686566846464   0.1711259000961742   0.1711259001096493    0.4069228403226751
0.1715994407168497   0.4081425404782813    0.3133711281042558   1.4735314271919369   3.3061325747246681   0.1715994407035613   0.1715994407168497    0.4081425404782811
0.1720681459968122   0.4093559974371727    0.3154145570439237   1.4793577929317516   3.3101597980639168   0.1720681459841638   0.1720681459968122    0.4093559974371724
0.1725320039472771   0.4105631632941463    0.3174529081592015   1.4852302045916077   3.3141503330975310   0.1725320039357067   0.1725320039472771    0.4105631632941461
0.1729910033314340   0.4117639903923613    0.3194859861561347   1.4911496988062902   3.3181041876114046   0.1729910033213497   0.1729910033314340    0.4117639903923611
0.1734451336796967   0.4129584313252199    0.3215135962964084   1.4971173389236114   3.3220213707966346   0.1734451336714624   0.1734451336796967    0.4129584313252197
0.1738943852913560   0.4141464389382393    0.3235355444302433   1.5031342158753680   3.3259018932641573   0.1738943852852790   0.1738943852913560    0.4141464389382391
0.1743387492361118   0.4153279663309132    0.3255516370290186   1.5092014490835077   3.3297457670595736   0.1743387492324315   0.1743387492361118    0.4153279663309130
0.1747782173554833   0.4165029668585631    0.3275616812176165   1.5153201874032107   3.3335530056781719   0.1747782173543628   0.1747782173554833    0.4165029668585629
0.1752127822640974   0.4176713941341801    0.3295654848064771   1.5214916101046834   3.3373236240801458   0.1752127822656163   0.1752127822640974    0.4176713941341800
0.1756424373508546   0.4188332020302563    0.3315628563233534   1.5277169278955589   3.3410576387060180   0.1756424373550062   0.1756424373508546    0.4188332020302561
0.1760671767799734   0.4199883446806049    0.3335536050447592   1.5339973839859140   3.3447550674922595   0.1760671767866630   0.1760671767799734    0.4199883446806048
0.1764869954919114   0.4211367764821722    0.3355375410270990   1.5403342551980255   3.3484159298871243   0.1764869955009586   0.1764869954919114    0.4211367764821722
0.1769018892041647   0.4222784520968371    0.3375144751374731   1.5467288531231076   3.3520402468666921   0.1769018892153079   0.1769018892041647    0.4222784520968371
0.1773118544119438   0.4234133264532012    0.3394842190841455   1.5531825253274112   3.3556280409511232   0.1773118544248478   0.1773118544119438    0.4234133264532013
0.1777168883887273   0.4245413547483682    0.3414465854466706   1.5596966566102004   3.3591793362211337   0.1777168884029930   0.1777168883887273    0.4245413547483682
0.1781169891866921   0.4256624924497121    0.3434013877056646   1.5662726703162644   3.3626941583346923   0.1781169892018691   0.1781169891866921    0.4256624924497123
0.1785121556370216   0.4267766952966367    0.3453484402722206   1.5729120297058121   3.3661725345439391   0.1785121556526215   0.1785121556370216    0.4267766952966369
0.1789023873500895   0.4278839193023212    0.3472875585169484   1.5796162393847120   3.3696144937123358   0.1789023873656019   0.1789023873500895    0.4278839193023213
0.1792876847155221   0.4289841207554577    0.3492185587986427   1.5863868467982878   3.3730200663320486   0.1792876847304305   0.1792876847155221    0.4289841207554578
0.1796680489021361   0.4300772562219766    0.3511412584925619   1.5932254437920215   3.3763892845415651   0.1796680489159347   0.1796680489021361    0.4300772562219767
0.1800434818577545   0.4311632825467615    0.3530554760183168   1.6001336682427576   3.3797221821435568   0.1800434818699650   0.1800434818577545    0.4311632825467617
0.1804139863088987   0.4322421568553528    0.3549610308673548   1.6071132057642026   3.3830187946229815   0.1804139863190863   0.1804139863088987    0.4322421568553529
0.1807795657603581   0.4333138365556399    0.3568577436300383   1.6141657914907728   3.3862791591654373   0.1807795657681464   0.1807795657603581    0.4333138365556400
0.1811402244946368   0.4343782793395434    0.3587454360223051   1.6212932119440853   3.3895033146757720   0.1811402244997209   0.1811402244946368    0.4343782793395434
0.1814959675712770   0.4354354431846847    0.3606239309119066   1.6284973069866724   3.3926913017969498   0.1814959675734348   0.1814959675712770    0.4354354431846848
0.1818468008260603   0.4364852863560454    0.3624930523442140   1.6357799718677783   3.3958431629291788   0.1818468008251612   0.1818468008260603    0.4364852863560456
0.1821927308700862   0.4375277674076148    0.3643526255675877   1.6431431593664425   3.3989589422493127   0.1821927308660967   0.1821927308700862    0.4375277674076149
0.1825337650887279   0.4385628451840260    0.3662024770583020   1.6505888820373784   3.4020386857305214   0.1825337650817149   0.1825337650887279    0.4385628451840260
0.1828699116404661   0.4395904788221806    0.3680424345450181   1.6581192145655548   3.4050824411622425   0.1828699116305963   0.1828699116404661    0.4395904788221805
0.1832011794556009   0.4406106277528621    0.3698723270328006   1.6657362962357585   3.4080902581704189   0.1832011794431375   0.1832011794556009    0.4406106277528620
0.1835275782348414   0.4416232517023376    0.3716919848266685   1.6734423335238546   3.4110621882380241   0.1835275782201373   0.1835275782348414    0.4416232517023375
0.1838491184477740   0.4426283106939475    0.3735012395546763   1.6812396028169017   3.4139982847258863   0.1838491184312621   0.1838491184477740    0.4426283106939474
0.1841658113312089   0.4436257650496837    0.3752999241905199   1.6891304532697899   3.4168986028938160   0.1841658113133897   0.1841658113312089    0.4436257650496834
0.1844776688874059   0.4446155753917561    0.3770878730756587   1.6971173098065908   3.4197631999220430   0.1844776688688329   0.1844776688874059    0.4446155753917558
0.1847847038821791   0.4455977026441472    0.3788649219409512   1.7052026762753649   3.4225921349329673   0.1847847038634413   0.1847847038821791    0.4455977026441470
0.1850869298428809   0.4465721080341549    0.3806309079277968   1.7133891387658320   3.4253854690132397   0.1850869298245851   0.1850869298428809    0.4465721080341547
0.1853843610562658   0.4475387530939228    0.3823856696087791   1.7216793690999246   3.4281432652361676   0.1853843610390168   0.1853843610562658    0.4475387530939226
0.1856770125662346   0.4484975996619591    0.3841290470078050   1.7300761285060171   3.4308655886844646   0.1856770125506161   0.1856770125662346    0.4484975996619588
0.1859649001714587   0.4494486098846429    0.3858608816197369   1.7385822714883679   3.4335525064733434   0.1859649001580133   0.1859649001714587    0.4494486098846427
0.1862480404228852   0.4503917462177193    0.3875810164295091   1.7472007499041828   3.4362040877739699   0.1862480404120962   0.1862480404228852    0.4503917462177192
0.1865264506211235   0.4513269714277806    0.3892892959307276   1.7559346172616084   3.4388204038372745   0.1865264506133977   0.1865264506211235    0.4513269714277804
0.1868001488137132   0.4522542485937369    0.3909855661437482   1.7647870332529829   3.4414015280181456   0.1868001488093661   0.1868001488137132    0.4522542485937369
0.1870691537922742   0.4531735411082736    0.3926696746332258   1.7737612685387190   3.4439475357999991   0.1870691537915176   0.1870691537922742    0.4531735411082735
0.1873334850895391   0.4540848126792960    0.3943414705251352   1.7828607097984071   3.4464585048197476   0.1873334850924718   0.1873334850895391    0.4540848126792960
0.1875931629762694   0.4549880273313631    0.3960008045232576   1.7920888650669826   3.4489345148931689   0.1875931629828713   0.1875931629762694    0.4549880273313631
0.1878482084580537   0.4558831494071068    0.3976475289251268   1.8014493693751772   3.4513756480406914   0.1878482084681837   0.1878482084580537    0.4558831494071069
0.1880986432719911   0.4567701435686404    0.3992814976374363   1.8109459907150338   3.4537819885136090   0.1880986432853889   0.1880986432719911    0.4567701435686405
0.1883444898832588   0.4576489747989531    0.4009025661909007   1.8205826363528661   3.4561536228207279   0.1883444898995504   0.1883444898832588    0.4576489747989532
0.1885857714815642   0.4585196084032927    0.4025105917545699   1.8303633595138735   3.4584906397554711   0.1885857715002715   0.1885857714815642    0.4585196084032929
0.1888225119774831   0.4593820100105352    0.4041054331495920   1.8402923664645909   3.4607931304234421   0.1888225119980370   0.1888225119774831    0.4593820100105354
0.1890547359986843   0.4602361455745422    0.4056869508624239   1.8503740240214828   3.4630611882704723   0.1890547360204414   0.1890547359986843    0.4602361455745423
0.1892824688860400   0.4610819813755036    0.4072550070574848   1.8606128675163571   3.4652949091111540   0.1892824689083017   0.1892824688860400    0.4610819813755038
0.1895057366896247   0.4619194840212707    0.4088094655892544   1.8710136092518748   3.4674943911578882   0.1895057367116591   0.1895057366896247    0.4619194840212708
0.1897245661646013   0.4627486204486729    0.4103501920138076   1.8815811474831918   3.4696597350504499   0.1897245661856664   0.1897245661646013    0.4627486204486730
0.1899389847669963   0.4635693579248237    0.4118770535997910   1.8923205759649537   3.4717910438861024   0.1899389847863648   0.1899389847669963    0.4635693579248238
0.1901490206493641   0.4643816640484130    0.4133899193388338   1.9032371941062014   3.4738884232502620   0.1901490206663476   0.1901490206493641    0.4643816640484131
0.1903547026563413   0.4651855067509859    0.4148886599553935   1.9143365177795211   3.4759519812477451   0.1903547026703146   0.1903547026563412    0.4651855067509859
0.1905560603200919   0.4659808542982088    0.4163731479160375   1.9256242908349073   3.4779818285346131   0.1905560603305159   0.1905560603200919    0.4659808542982088
0.1907531238556441   0.4667676752911225    0.4178432574381560   1.9371064973733261   3.4799780783506344   0.1907531238620856   0.1907531238556441    0.4667676752911225
0.1909459241561183   0.4675459386673815    0.4192988644981068   1.9487893748399854   3.4819408465523880   0.1909459241582683   0.1909459241561183    0.4675459386673814
0.1911344927878496   0.4683156137024801    0.4207398468387925   1.9606794280028810   3.4838702516470343   0.1911344927855367   0.1911344927878496    0.4683156137024800
0.1913188619854021   0.4690766700109660    0.4221660839766677   1.9727834438882861   3.4857664148267706   0.1913188619786029   0.1913188619854021    0.4690766700109659
0.1914990646464798   0.4698290775476393    0.4235774572081777   1.9851085077516439   3.4876294600040092   0.1914990646353231   0.1914990646464798    0.4698290775476391
0.1916751343267308   0.4705728066087385    0.4249738496156268   1.9976620201698421   3.4894595138472977   0.1916751343114983   0.1916751343267308    0.4705728066087383
0.1918471052344487   0.4713078278331139    0.4263551460724786   2.0104517153492005   3.4912567058180146   0.1918471052155698   0.1918471052344487    0.4713078278331139
0.1920150122251710   0.4720341122033863    0.4277212332480873   2.0234856807527710   3.4930211682078749   0.1920150122032123   0.1920150122251710    0.4720341122033861
0.1921788907961749   0.4727516310470921    0.4290719996118598   2.0367723781608662   3.4947530361772734   0.1921788907718248   0.1921788907961749    0.4727516310470919
0.1923387770808714   0.4734603560378161    0.4304073354368517   2.0503206662902689   3.4964524477945091   0.1923387770549202   0.1923387770808714    0.4734603560378159
0.1924947078431001   0.4741602591963092    0.4317271328027965   2.0641398251103884   3.4981195440759287   0.1924947078164155   0.1924947078431001    0.4741602591963090
0.1926467204713233   0.4748513128915929    0.4330312855985689   2.0782395820089841   3.4997544690270219   0.1926467204448226   0.1926467204713233    0.4748513128915928
0.1927948529727221   0.4755334898420508    0.4343196895240853   2.0926301399761669   3.5013573696845293   0.1927948529473416   0.1927948529727221    0.4755334898420507
0.1929391439671948   0.4762067631165050    0.4355922420916412   2.1073222079933540   3.5029283961595912   0.1929391439438574   0.1929391439671948    0.4762067631165049
0.1930796326812579   0.4768711061352793    0.4368488426266887   2.1223270338341242   3.5044677016820027   0.1930796326608401   0.1930796326812579    0.4768711061352793
0.1932163589418521   0.4775264926712490    0.4380893922680548   2.1376564395066073   3.5059754426456227   0.1932163589251514   0.1932163589418521    0.4775264926712489
0.1933493631700532   0.4781728968508757    0.4393137939676052   2.1533228595926936   3.5074517786549944   0.1933493631577569   0.1933493631700532    0.4781728968508757
0.1934786863746892   0.4788102931552294    0.4405219524893510   2.1693393827682041   3.5088968725732399   0.1934786863673457   0.1934786863746892    0.4788102931552294
0.1936043701458641   0.4794386564209953    0.4417137744080074   2.1857197968208735   3.5103108905712976   0.1936043701438588   0.1936043701458641    0.4794386564209953
0.1937264566483908   0.4800579618414677    0.4428891681070012   2.2024786375199277   3.5116940021785696   0.1937264566519266   0.1937264566483908    0.4800579618414676
0.1938449886151326   0.4806681849675287    0.4440480437759349   2.2196312417330257   3.5130463803350587   0.1938449886242157   0.1938449886151326    0.4806681849675287
0.1939600093402552   0.4812693017086145    0.4451903134075065   2.2371938052340195   3.5143682014450723   0.1939600093546881   0.1939600093402552    0.4812693017086145
0.1940715626723901   0.4818612883336653    0.4463158907938909   2.2551834456992164   3.5156596454325908   0.1940715626917718   0.1940715626723901    0.4818612883336654
0.1941796930077102   0.4824441214720628    0.4474246915225862   2.2736182714519106   3.5169208957983802   0.1941796930314436   0.1941796930077102    0.4824441214720628
0.1942844452829194   0.4830177781145527    0.4485166329717273   2.2925174565856525   3.5181521396789686   0.1942844453102262   0.1942844452829194    0.4830177781145527
0.1943858649681564   0.4835822356141529    0.4495916343048720   2.3119013231780396   3.5193535679075838   0.1943858649981001   0.1943858649681564    0.4835822356141530
0.1944839980598147   0.4841374716870481    0.4506496164652635   2.3317914313999464   3.5205253750771766   0.1944839980913295   0.1944839980598147    0.4841374716870481
0.1945788910732787   0.4846834644134685    0.4516905021695718   2.3522106784325016   3.5216677596056565   0.1945788911052055   0.1945788910732787    0.4846834644134685
0.1946705910355788   0.4852201922385563    0.4527142159011228   2.3731834072280016   3.5227809238034844   0.1946705910667062   0.1946705910355788    0.4852201922385564
0.1947591454779654   0.4857476339732161    0.4537206839026146   2.3947355262940455   3.5238650739437674   0.1947591455070740   0.1947591454779654    0.4857476339732161
0.1948446024284027   0.4862657687949513    0.4547098341683286   2.4168946418464614   3.5249204203350240   0.1948446024543126   0.1948446024284027    0.4862657687949512
0.1949270104039849   0.4867745762486862    0.4556815964358403   2.4396902038696626   3.5259471773967945   0.1949270104256032   0.1949270104039849    0.4867745762486861
0.1950064184032746   0.4872740362475738    0.4566359021772348   2.4631536678482324   3.5269455637383018   0.1950064184196422   0.1950064184032746    0.4872740362475737
0.1950828758985657   0.4877641290737885    0.4575726845898324   2.4873186741968496   3.5279158022403627   0.1950828759089006   0.1950828758985657    0.4877641290737884
0.1951564328280705   0.4882448353793048    0.4584918785864282   2.5122212477243311   3.5288581201407898   0.1951564328318071   0.1951564328280705    0.4882448353793047
0.1952271395880344   0.4887161361866608    0.4593934207850540   2.5379000198307096   3.5297727491235342   0.1952271395848550   0.1952271395880344    0.4887161361866608
0.1952950470247779   0.4891780128897078    0.4602772494982676   2.5643964765647489   3.5306599254118574   0.1952950470146358   0.1952950470247779    0.4891780128897076
0.1953602064266667   0.4896304472543441    0.4611433047219729   2.5917552361762528   3.5315198898658222   0.1953602064098005   0.1953602064266667    0.4896304472543440
0.1954226695160131   0.4900734214192359    0.4619915281237821   2.6200243604004205   3.5323528880844601   0.1954226694929485   0.1954226695160131    0.4900734214192358
0.1954824884409087   0.4905069178965216    0.4628218630309209   2.6492557044291574   3.5331591705129668   0.1954824884124492   0.1954824884409087    0.4905069178965215
0.1955397157669890   0.4909309195725027    0.4636342544176868   2.6795053113841547   3.5339389925553522   0.1955397157341941   0.1955397157669890    0.4909309195725025
0.1955944044691332   0.4913454097083185    0.4644286488924653   2.7108338581384435   3.5346926146929882   0.1955944044332845   0.1955944044691332    0.4913454097083185
0.1956466079230985   0.4917503719406088    0.4652049946843144   2.7433071605786332   3.5354203026095647   0.1956466078856542   0.1956466079230985    0.4917503719406088
0.1956963798970917   0.4921457902821579    0.4659632416291165   2.7769967479074720   3.5361223273230067   0.1956963798596312   0.1956963798970917    0.4921457902821578
0.1957437745432785   0.4925316491225267    0.4667033411553132   2.8119805174217363   3.5367989653249743   0.1957437745074376   0.1957437745432785    0.4925316491225264
0.1957888463892321   0.4929079332286685    0.4674252462692265   2.8483434834424868   3.5374504987286488   0.1957888463566324   0.1957888463892321    0.4929079332286685
0.1958316503293228   0.4932746277455317    0.4681289115399752   2.8861786368293174   3.5380772154255706   0.1958316503014978   0.1958316503293228    0.4932746277455317
0.1958722416160497   0.4936317181966444    0.4688142930839893   2.9255879349101268   3.5386794092524014   0.1958722415943696   0.1958722416160497    0.4936317181966443
0.1959106758513152   0.4939791904846869    0.4694813485491365   2.9666834458790756   3.5392573801685931   0.1959106758369153   0.1959106758513152    0.4939791904846869
0.1959470089776456   0.4943170308920484    0.4701300370984671   3.0095886769829336   3.5398114344460661   0.1959470089713608   0.1959470089776456    0.4943170308920484
0.1959812972693561   0.4946452260813682    0.4707603193935805   3.0544401224316751   3.5403418848721429   0.1959812972716660   0.1959812972693561    0.4946452260813680
0.1960135973236655   0.4949637630960617    0.4713721575776271   3.1013890753284379   3.5408490509671515   0.1960135973346525   0.1960135973236655    0.4949637630960617
0.1960439660517579   0.4952726293608336    0.4719655152579529   3.1506037585484630   3.5413332592183275   0.1960439660710832   0.1960439660517579    0.4952726293608335
0.1960724606697965   0.4955718126821721    0.4725403574883876   3.2022718431184192   3.5417948433318349   0.1960724606966942   0.1960724606697966    0.4955718126821722
0.1960991386898882   0.4958613012488324    0.4730966507512006   3.2566034402333250   3.5422341445050476   0.1960991387231823   0.1960991386898882    0.4958613012488324
0.1961240579110015   0.4961410836323014    0.4736343629387143   3.3138346759218460   3.5426515117215169   0.1961240579491447   0.1961240579110015    0.4961410836323014
0.1961472764098399   0.4964111487872496    0.4741534633345974   3.3742319873884736   3.5430473020714603   0.1961472764509749   0.1961472764098399    0.4964111487872495
0.1961688525316705   0.4966714860519670    0.4746539225948415   3.4380973197989002   3.5434218811010587   0.1961688525737136   0.1961688525316705    0.4966714860519670
0.1961888448811111   0.4969220851487844    0.4751357127284317   3.5057744553991146   3.5437756231944064   0.1961888449218534   0.1961888448811111    0.4969220851487844
0.1962073123128750   0.4971629361844784    0.4755988070777159   3.5776567786134637   3.5441089119926499   0.1962073123501005   0.1962073123128750    0.4971629361844785
0.1962243139224782   0.4973940296506630    0.4760431802984892   3.6541968787716290   3.5444221408556640   0.1962243139540903   0.1962243139224782    0.4973940296506627
0.1962399090369066   0.4976153564241628    0.4764688083397920   3.7359185275814228   3.5447157133726455   0.1962399090610593   0.1962399090369066    0.4976153564241628
0.1962541572052481   0.4978269077673765    0.4768756684234489   3.8234317581640038   3.5449900439292961   0.1962541572204728   0.1962541572052481    0.4978269077673766
0.1962671181892893   0.4980286753286194    0.4772637390233326   3.9174520418456531   3.5452455583408162   0.1962671181946087   0.1962671181892893    0.4980286753286195
0.1962788519540777   0.4982206511424535    0.4776329998443861   4.0188249473453554   3.5454826945620121   0.1962788519490997   0.1962788519540777    0.4982206511424534
0.1962894186584532   0.4984028276300022    0.4779834318013981   4.1285582365212257   3.5457019034883661   0.1962894186434338   0.1962894186584532    0.4984028276300021
0.1962988786455480   0.4985751975992501    0.4783150169975472   4.2478642013093539   3.5459036498652932   0.1962988786214161   0.1962988786455480    0.4985751975992497
0.1963072924332577   0.4987377542453250    0.4786277387027212   4.3782163423482592   3.5460884133271975   0.1963072924015945   0.1963072924332577    0.4987377542453251
0.1963147207046851   0.4988904911507703    0.4789215813316298   4.5214265089088030   3.5462566895938146   0.1963147206676527   0.1963147207046851    0.4988904911507700
0.1963212242985573   0.4990334022857931    0.4791965304217002   4.6797518450765079   3.5464089918592139   0.1963212242587749   0.1963212242985573    0.4990334022857931
0.1963268641996188   0.4991664820085079    0.4794525726107972   4.8560461851906203   3.5465458524197473   0.1963268641599864   0.1963268641996188    0.4991664820085074
0.1963317015290010   0.4992897250651534    0.4796896956147401   5.0539795230795841   3.5466678246024972   0.1963317014924782   0.1963317015290010    0.4992897250651535
0.1963357975345711   0.4994031265903068    0.4799078882046680   5.2783649631439227   3.5467754850777404   0.1963357975039202   0.1963357975345711    0.4994031265903063
0.1963392135812593   0.4995066821070678    0.4801071401842154   5.5356614693930011   3.5468694366712405   0.1963392135587710   0.1963392135812593    0.4995066821070679
0.1963420111413699   0.4996003875272443    0.4802874423665654   5.8347762882919669   3.5469503118413415   0.1963420111285930   0.1963420111413699    0.4996003875272438
0.1963442517848727   0.4996842391515046    0.4804487865513246   6.1884039534582680   3.5470187770630450   0.1963442517823795   0.1963442517848727    0.4996842391515044
0.1963459971696817   0.4997582336695316    0.4805911655012999   6.6153849961472790   3.5470755384881181   0.1963459971769024   0.1963459971696817    0.4997582336695312
0.1963473090319176   0.4998223681601479    0.4807145729191235   7.1451507074283374   3.5471213494693030   0.1963473090470853   0.1963473090319176    0.4998223681601473
0.1963482491761595   0.4998766400914338    0.4808190034237851   7.8268559068139627   3.5471570209401269   0.1963482491964082   0.1963482491761595    0.4998766400914329
0.1963488794656850   0.4999210473208246    0.4809044525270463   8.7504458658128339   3.5471834364478063   0.1963488794873453   0.1963488794656850    0.4999210473208250
0.1963492618127013   0.4999555880952019    0.4809709166097859   10.1039216957920566   3.5472015754342396   0.1963492618318331   0.1963492618127013    0.4999555880952022
0.1963494581685689   0.4999802610509533    0.4810183928982296   12.3745289073538753   3.5472125530509260   0.1963494581817702   0.1963494581685689    0.4999802610509541
0.1963495305140181   0.4999950652140385    0.4810468794401513   17.5000571160450242   3.5472177005768555   0.1963495305195758   0.1963495305140181    0.4999950652140343
