A                   h(A)       Phi(A)              A(Phi(A))    A-Af
0.0981747704246810   0.2500000000000000 2.6525737195157002  9.714451e-17 -9.817477e-02   
0.1472621556370216   0.3509931883248790 3.0993936483020592  2.141121e-12 -4.908739e-02   
0.1718058482431918   0.4086761484940484 3.3079054715271616  -1.306261e-11 -2.454369e-02   
0.1840776945462769   0.4433474652663319 3.4160907519856583  -1.750719e-11 -1.227185e-02   
0.1902136176978195   0.4646332103444291 3.4745354606085463  1.610842e-11 -6.135923e-03   
0.1932815792735908   0.4778423415548092 3.5066981631844247  -1.463413e-11 -3.067962e-03   
0.1948155600614764   0.4860886325222550 3.5245607210238625  2.713871e-11 -1.533981e-03   
0.1955825504554193   0.4912547519633862 3.5345285325004534  -3.529477e-11 -7.669904e-04   
0.1959660456523906   0.4944980489717005 3.5401049786640075  -1.610462e-12 -3.834952e-04   
0.1961577932508764   0.4965368302112979 3.5432290116645868  4.183939e-11 -1.917476e-04   
0.1962536670501192   0.4978194629281507 3.5449804987678530  1.556619e-11 -9.587380e-05   
0.1963016039497406   0.4986267922840811 3.5459628940937473  -2.667205e-11 -4.793690e-05   
0.1963255723995514   0.4991351094788911 3.5465140485610172  -3.994249e-11 -2.396845e-05   
0.1963375566244567   0.4994552229386459 3.5468233079511196  -2.688769e-11 -1.198422e-05   
0.1963435487369094   0.4996568396484707 3.5469968517693777  -5.984879e-12 -5.992112e-06   
0.1963465447931357   0.4997838335098531 3.5470942423897061  1.052070e-11 -2.996056e-06   
0.1963480428212489   0.4998638280026738 3.5471488984217472  1.928435e-11 -1.498028e-06   
0.1963487918353055   0.4999142187463834 3.5471795721738366  2.169953e-11 -7.490141e-07   
0.1963491663423338   0.4999459618826428 3.5471967869151784  2.032111e-11 -3.745070e-07   
0.1963493535958479   0.4999659583915264 3.5472064482490522  1.725348e-11 -1.872535e-07   
0.1963494472226050   0.4999785552385146 3.5472118704498787  1.380260e-11 -9.362676e-08   
0.1963494940359835   0.4999864906896794 3.5472149135440603  1.062556e-11 -4.681338e-08   
0.1963495174426728   0.4999914896847928 3.5472166214191665  7.972456e-12 -2.340669e-08   
0.1963495291460174   0.4999946388441222 3.5472175799311478  5.878131e-12 -1.170334e-08   
0.1963495349976898   0.4999966226861089 3.5472181178783049  4.282047e-12 -5.851672e-09   
0.1963495379235259   0.4999978724266319 3.5472184197916561  3.093303e-12 -2.925836e-09   
0.1963495393864440   0.4999986597131778 3.5472185892354680  2.221529e-12 -1.462918e-09   
0.1963495401179030   0.4999991556723881 3.5472186843331563  1.588868e-12 -7.314590e-10   
0.1963495404836325   0.4999994681069874 3.5472187377053674  1.133121e-12 -3.657295e-10   
0.1963495406664973   0.4999996649284418 3.5472187676598526  8.064105e-13 -1.828648e-10   
0.1963495407579297   0.4999997889181345 3.5472187844714922  5.730971e-13 -9.143239e-11   
0.1963495408036459   0.4999998670267882 3.5472187939069069  4.068412e-13 -4.571618e-11   
0.1963495408265040   0.4999999162320934 3.5472187992024953  2.886302e-13 -2.285810e-11   
0.1963495408379330   0.4999999472295263 3.5472188021746573  2.046419e-13 -1.142905e-11   
0.1963495408436476   0.4999999667567387 3.5472188038428136  1.450506e-13 -5.714512e-12   
0.1963495408465048   0.4999999790579900 3.5472188047790878  1.028067e-13 -2.857270e-12   
0.1963495408479334   0.5000000049176713 3.5472188064590413  0.000000e+00 -1.428635e-12   
0.1963495408486478   0.5000000086299050 3.5472188068228561  0.000000e+00 -7.143175e-13   
0.1963495408490049   0.5000000104860219 3.5472188070047412  -2.775558e-17 -3.571587e-13   
0.1963495408491835   0.5000000114140803 3.5472188070956947  0.000000e+00 -1.785794e-13   
0.2945243112740431   510.7040816449951421 48.4961930855044443  -5.551115e-17 9.817477e-02   
0.2454369260617026   255.6020408286686347 27.1540165571656367  5.551115e-17 4.908739e-02   
0.2208932334555323   128.0510204205053810 15.6792531631509124  2.775558e-17 2.454369e-02   
0.2086213871524472   64.2755102164238394 9.7025000880696979  5.551115e-17 1.227185e-02   
0.2024854640009046   32.3877551143829834 6.6481789230856556  -2.775558e-17 6.135923e-03   
0.1994175024251333   16.4438775633624914 5.1036625146503720  0.000000e+00 3.067962e-03   
0.1978835216372477   8.4719387878523147 4.3269488597992689  0.000000e+00 1.533981e-03   
0.1971165312433049   4.4859694000972272 3.9374630807041235  2.775558e-17 7.669904e-04   
0.1967330360463335   2.4929847062197550 3.7424360327737367  0.000000e+00 3.834952e-04   
0.1965412884478478   1.4964923592808748 3.6448512269631586  -2.775558e-17 1.917476e-04   
0.1964454146486049   0.9982461858115790 3.5960409731769132  -2.775558e-17 9.587380e-05   
0.1963974777489835   0.7491230990768589 3.5716313797523940  -2.775558e-17 4.793690e-05   
0.1963735092991728   0.6245615557094267 3.5594254659303450  0.000000e+00 2.396845e-05   
0.1963615250742674   0.5622807840258549 3.5533222296822360  0.000000e+00 1.198422e-05   
0.1963555329618147   0.5311403981839248 3.5502705417164311  0.000000e+00 5.992112e-06   
0.1963525369055884   0.5155702052630318 3.5487446802721871  2.775558e-17 2.996056e-06   
0.1963510388774752   0.5077851088025853 3.5479817451845879  0.000000e+00 1.498028e-06   
0.1963502898634187   0.5038925605723621 3.5476002765494110  0.000000e+00 7.490141e-07   
0.1963499153563904   0.5019462864573225 3.5474095419589835  0.000000e+00 3.745070e-07   
0.1963497281028762   0.5009731493996585 3.5473141745955488  0.000000e+00 1.872535e-07   
0.1963496344761191   0.5004865808708987 3.5472664908967819  0.000000e+00 9.362676e-08   
0.1963495876627406   0.5002432966065188 3.5472426490431390  0.000000e+00 4.681338e-08   
0.1963495642560514   0.5001216544744009 3.5472307281152387  -2.775558e-17 2.340669e-08   
0.1963495525527067   0.5000608334081977 3.5472247676510325  0.000000e+00 1.170334e-08   
0.1963495467010344   0.5000304228751683 3.5472217874188519  -2.775558e-17 5.851672e-09   
0.1963495437751982   0.5000152176086535 3.5472202973027613  0.000000e+00 2.925836e-09   
0.1963495423122802   0.5000076149754683 3.5472195522447159  0.000000e+00 1.462918e-09   
0.1963495415808211   0.5000038136587315 3.5472191797156825  2.775558e-17 7.314590e-10   
0.1963495412150916   0.5000019130005072 3.5472189934511653  0.000000e+00 3.657295e-10   
0.1963495410322268   0.5000009626712509 3.5472189003188959  -2.775558e-17 1.828648e-10   
0.1963495409407945   0.5000004875067670 3.5472188537527836  0.000000e+00 9.143239e-11   
0.1963495408950783   0.5000002499243807 3.5472188304697050  0.000000e+00 4.571618e-11   
0.1963495408722202   0.5000001311333320 3.5472188188281879  0.000000e+00 2.285810e-11   
0.1963495408607911   0.5000000717377354 3.5472188130074183  0.000000e+00 1.142905e-11   
0.1963495408550766   0.5000000420398650 3.5472188100970334  0.000000e+00 5.714512e-12   
0.1963495408522193   0.5000000271910741 3.5472188086418410  0.000000e+00 2.857270e-12   
0.1963495408507907   0.5000000197666065 3.5472188079142559  2.775558e-17 1.428635e-12   
0.1963495408500764   0.5000000160543726 3.5472188075504412  -2.775558e-17 7.143175e-13   
0.1963495408497192   0.5000000141982557 3.5472188073685560  2.775558e-17 3.571587e-13   
0.1963495408495406   0.5000000132701973 3.5472188072776021  0.000000e+00 1.785794e-13   
