1200.000000
0   1   1   2   2   3   3   4   4   5   5   7   7   8   5   6   4   9   3   8   8   10   10   11   11   12   11   13   
0.500000  0.500000  0.500000  0.400000  0.400000  0.400000  0.400000  0.200000  0.250000  0.250000  0.400000  0.250000  0.250000  0.250000  
0   50.813000    22.764200    150.000000
  1   54.878000    31.544700    130.000000
  2   33.902400    35.447200    120.000000
  3   43.821100    55.122000    100.000000
  4   27.235800    64.390200    80.000000
  5   27.073200    79.187000    65.000000
  6   43.333300    78.374000    55.000000
  7   28.861800    92.032500    60.000000
  8   65.284600    89.105700    80.000000
  9   38.617900    67.479700    50.000000
  10   86.260200    84.065000    40.000000
  11   79.593500    58.211400    30.000000
  12   80.243900    38.374000    25.000000
  13   65.935000    60.162600    20.000000
  